0 36
1 250
2 262
3 260
4 248
5 250
6 224
7 260
8 224
9 246
10 252
11 230
12 248
13 264
14 248
15 260
16 264
17 260
18 264
19 260
20 254
21 50
22 958
23 230
24 256
25 262
26 228
27 238
28 262
29 252
30 258
31 252
32 250
33 232
34 226
35 262
36 254
37 252
38 258
39 254
40 262
41 254
42 248
43 226
44 246
45 244
46 228
47 262
48 262
49 236
50 256
51 250
52 70
53 80
54 252
55 234
56 262
57 72
58 244
59 234
60 246
61 262
62 228
63 248
64 252
65 256
66 260
67 234
68 248
69 252
70 258
71 260
72 262
73 250
74 50
75 250
76 254
77 258
78 256
79 264
80 234
81 244
82 260
83 246
84 256
85 228
86 228
87 1078
88 230
89 236
90 248
91 258
92 256
93 238
94 256
95 238
96 230
97 228
98 232
99 252
100 248
101 238
102 260
103 250
104 248
105 248
106 250
107 242
108 236
109 290
110 232
111 244
112 234
113 228
114 258
115 238
116 260
117 228
118 66
119 262
120 236
121 264
122 250
123 66
124 252
125 264
126 260
127 254
128 242
129 250
130 242
131 234
132 246
133 234
134 230
135 226
136 254
137 252
138 64
139 256
140 262
141 230
142 254
143 240
144 240
145 224
146 240
147 244
148 260
149 254
150 234
151 242
152 264
153 264
154 242
155 234
156 250
157 262
158 256
159 250
160 246
161 238
162 262
163 68
164 262
165 248
166 258
167 260
168 268
169 258
170 250
171 258
172 256
173 1412
174 236
175 256
176 250
177 66
178 256
179 260
180 258
181 242
182 262
183 252
184 230
185 256
186 252
187 248
188 248
189 234
190 264
191 250
192 256
193 950
194 252
195 224
196 260
197 64
198 226
199 250
200 266
201 228
202 260
203 254
204 248
205 260
206 240
207 248
208 80
209 246
210 224
211 248
212 228
213 252
214 254
215 66
216 252
217 242
218 248
219 260
220 250
221 66
222 248
223 242
224 242
225 262
226 74
227 258
228 264
229 258
230 254
231 240
232 256
233 244
234 264
235 256
236 246
237 248
238 250
239 264
240 254
241 250
242 232
243 258
244 234
245 238
246 72
247 258
248 242
249 252
250 248
251 244
252 258
253 256
254 252
255 246
256 230
257 246
258 1386
259 248
260 228
261 232
262 258
263 260
264 238
265 230
266 236
267 260
268 258
269 256
270 76
271 248
272 258
273 232
274 262
275 252
276 240
277 258
278 1136
279 244
280 260
281 248
282 258
283 252
284 246
285 250
286 226
287 262
288 258
289 250
290 250
291 254
292 250
293 258
294 72
295 256
296 248
297 238
298 244
299 252
300 72
301 250
302 254
303 248
304 264
305 264
306 246
307 254
308 236
309 248
310 250
311 266
312 258
313 226
314 262
315 250
316 240
317 264
318 250
319 252
320 258
321 260
322 262
323 254
324 252
325 252
326 256
327 254
328 250
329 238
330 258
331 244
332 252
333 250
334 256
335 258
336 258
337 258
338 254
339 250
340 1326
341 64
342 252
343 250
344 258
345 244
346 260
347 260
348 226
349 246
350 236
351 260
352 254
353 228
354 228
355 250
356 246
357 250
358 222
359 262
360 1024
361 228
362 262
363 248
364 232
365 258
366 242
367 254
368 260
369 260
370 260
371 254
372 74
373 256
374 258
375 78
376 256
377 264
378 252
379 240
380 234
381 248
382 246
383 258
384 252
385 254
386 250
387 224
388 262
389 228
390 252
391 234
392 258
393 254
394 238
395 248
396 264
397 248
398 252
399 242
400 236
401 262
402 244
403 230
404 230
405 264
406 258
407 264
408 70
409 250
410 240
411 232
412 252
413 238
414 256
415 250
416 256
417 244
418 248
419 232
420 256
421 250
422 246
423 78
424 254
425 252
426 260
427 262
428 244
429 248
430 250
431 252
432 260
433 248
434 242
435 252
436 228
437 254
438 262
439 262
440 234
441 228
442 236
443 66
444 256
445 246
446 248
447 1150
448 258
449 254
450 226
451 224
452 224
453 228
454 252
455 238
456 70
457 268
458 250
459 250
460 256
461 262
462 254
463 260
464 250
465 250
466 66
467 246
468 244
469 252
470 256
471 258
472 252
473 242
474 230
475 246
476 224
477 230
478 224
479 246
480 260
481 252
482 244
483 252
484 246
485 252
486 252
487 76
488 252
489 236
490 258
491 260
492 256
493 228
494 240
495 246
496 230
497 234
498 230
499 248
500 252
501 258
502 264
503 256
504 258
505 260
506 228
507 260
508 250
509 264
510 256
511 1368
512 252
513 234
514 252
515 252
516 250
517 246
518 230
519 264
520 254
521 256
522 256
523 264
524 260
525 246
526 252
527 252
528 268
529 1400
530 248
531 250
532 246
533 70
534 244
535 254
536 252
537 250
538 248
539 254
540 248
541 250
542 250
543 256
544 236
545 262
546 262
547 260
548 256
549 246
550 264
551 252
552 256
553 258
554 234
555 64
556 256
557 248
558 252
559 240
560 270
561 246
562 256
563 254
564 234
565 240
566 252
567 244
568 262
569 258
570 252
571 258
572 228
573 248
574 228
575 244
576 70
577 252
578 258
579 228
580 228
581 228
582 242
583 254
584 242
585 64
586 274
587 254
588 238
589 226
590 262
591 258
592 258
593 254
594 262
595 250
596 226
597 260
598 236
599 250
600 234
601 64
602 258
603 260
604 250
605 226
606 262
607 262
608 250
609 244
610 248
611 248
612 262
613 234
614 74
615 250
616 1350
617 234
618 230
619 258
620 260
621 254
622 250
623 260
624 258
625 240
626 254
627 262
628 260
629 238
630 252
631 250
632 264
633 260
634 230
635 246
636 226
637 246
638 256
639 246
640 256
641 78
642 254
643 250
644 262
645 260
646 250
647 258
648 266
649 232
650 250
651 262
652 256
653 244
654 224
655 66
656 274
657 242
658 258
659 260
660 238
661 250
662 72
663 260
664 264
665 260
666 264
667 258
668 254
669 260
670 232
671 238
672 238
673 240
674 236
675 260
676 260
677 256
678 226
679 1428
680 280
681 264
682 254
683 234
684 262
685 226
686 262
687 254
688 260
689 264
690 250
691 248
692 244
693 254
694 254
695 252
696 254
697 1308
698 224
699 244
700 264
701 250
702 244
703 258
704 258
705 256
706 252
707 246
708 258
709 72
710 246
711 252
712 86
713 254
714 238
715 248
716 80
717 262
718 254
719 224
720 244
721 262
722 250
723 256
724 260
725 234
726 242
727 80
728 254
729 256
730 236
731 262
732 264
733 238
734 70
735 258
736 260
737 262
738 256
739 246
740 256
741 242
742 250
743 260
744 264
745 242
746 260
747 254
748 236
749 246
750 258
751 258
752 250
753 240
754 248
755 254
756 264
757 248
758 224
759 236
760 238
761 262
762 1160
763 242
764 262
765 80
766 262
767 226
768 260
769 252
770 254
771 76
772 260
773 70
774 268
775 230
776 266
777 258
778 262
779 238
780 244
781 256
782 232
783 262
784 644
785 248
786 236
787 236
788 250
789 258
790 256
791 224
792 252
793 254
794 258
795 260
796 260
797 264
798 248
799 252
800 244
801 262
802 246
803 226
804 254
805 256
806 258
807 252
808 254
809 264
810 260
811 64
812 264
813 252
814 228
815 248
816 248
817 246
818 246
819 262
820 258
821 250
822 264
823 236
824 238
825 246
826 250
827 250
828 248
829 228
830 232
831 228
832 256
833 258
834 256
835 248
836 236
837 260
838 248
839 254
840 242
841 252
842 260
843 252
844 244
845 256
846 254
847 1046
848 242
849 256
850 232
851 250
852 224
853 248
854 256
855 256
856 244
857 254
858 228
859 252
860 246
861 68
862 272
863 226
864 262
865 260
866 248
867 1024
868 252
869 240
870 258
871 260
872 262
873 236
874 260
875 250
876 246
877 254
878 230
879 258
880 248
881 228
882 238
883 236
884 244
885 254
886 258
887 262
888 242
889 252
890 78
891 260
892 254
893 262
894 254
895 244
896 256
897 240
898 236
899 256
900 248
901 248
902 234
903 246
904 232
905 248
906 254
907 258
908 258
909 252
910 264
911 248
912 254
913 260
914 248
915 248
916 260
917 250
918 250
919 246
920 264
921 236
922 244
923 250
924 256
925 260
926 256
927 262
928 252
929 1376
930 250
931 254
932 80
933 264
934 264
935 254
936 252
937 260
938 250
939 260
940 242
941 256
942 256
943 262
944 264
945 260
946 262
947 246
948 1446
949 232
950 258
951 234
952 266
953 238
954 258
955 254
956 252
957 258
958 252
959 258
960 234
961 246
962 226
963 246
964 234
965 226
966 244
967 252
968 260
969 224
970 224
971 262
972 254
973 256
974 252
975 252
976 262
977 258
978 232
979 258
980 248
981 248
982 256
983 244
984 258
985 254
986 246
987 224
988 248
989 260
990 252
991 256
992 260
993 258
994 226
995 252
996 262
997 230
998 262
999 80
49 1 1 949
