0 68
1 374
2 368
3 372
4 338
5 352
6 368
7 338
8 342
9 366
10 344
11 362
12 342
13 356
14 366
15 362
16 344
17 340
18 360
19 106
20 372
21 366
22 336
23 338
24 344
25 344
26 364
27 348
28 348
29 334
30 344
31 354
32 362
33 368
34 336
35 344
36 366
37 360
38 366
39 338
40 366
41 348
42 344
43 358
44 360
45 336
46 148
47 336
48 356
49 362
50 374
51 346
52 342
53 338
54 366
55 368
56 338
57 350
58 172
59 340
60 350
61 356
62 336
63 352
64 372
65 366
66 342
67 348
68 372
69 344
70 364
71 348
72 360
73 340
74 356
75 366
76 368
77 372
78 348
79 366
80 370
81 344
82 356
83 372
84 358
85 346
86 356
87 372
88 338
89 336
90 340
91 336
92 160
93 370
94 360
95 344
96 378
97 362
98 362
99 368
100 352
101 370
102 364
103 366
104 350
105 344
106 366
107 336
108 362
109 342
110 362
111 374
112 378
113 358
114 360
115 348
116 374
117 370
118 338
119 342
120 380
121 364
122 340
123 360
124 368
125 350
126 366
127 370
128 170
129 348
130 372
131 366
132 172
133 164
134 364
135 358
136 384
137 366
138 358
139 348
140 348
141 348
142 360
143 350
144 360
145 342
146 340
147 368
148 336
149 372
150 142
151 338
152 338
153 172
154 350
155 372
156 340
157 348
158 338
159 338
160 358
161 338
162 342
163 336
164 360
165 338
166 348
167 338
168 438
169 348
170 340
171 342
172 368
173 362
174 348
175 340
176 366
177 358
178 372
179 358
180 344
181 338
182 336
183 360
184 380
185 360
186 356
187 348
188 356
189 340
190 348
191 368
192 350
193 342
194 358
195 364
196 362
197 350
198 370
199 348
200 358
201 344
202 334
203 370
204 340
205 358
206 350
207 370
208 154
209 372
210 372
211 346
212 368
213 368
214 370
215 174
216 350
217 356
218 342
219 354
220 344
221 346
222 352
223 340
224 350
225 348
226 370
227 350
228 340
229 372
230 348
231 342
232 348
233 340
234 336
235 362
236 338
237 358
238 338
239 366
240 372
241 334
242 164
243 336
244 350
245 374
246 346
247 344
248 368
249 364
250 344
251 362
252 340
253 362
254 350
255 350
256 366
257 348
258 166
259 342
260 332
261 360
262 354
263 348
264 360
265 334
266 360
267 356
268 336
269 360
270 172
271 358
272 368
273 360
274 372
275 340
276 358
277 372
278 342
279 348
280 362
281 360
282 348
283 152
284 376
285 334
286 142
287 340
288 354
289 358
290 372
291 340
292 354
293 342
294 368
295 360
296 350
297 350
298 362
299 334
300 342
301 366
302 364
303 364
304 184
305 348
306 338
307 362
308 356
309 342
310 338
311 342
312 368
313 372
314 360
315 346
316 362
317 360
318 346
319 336
320 384
321 354
322 372
323 350
324 352
325 362
326 342
327 360
328 342
329 346
330 344
331 346
332 174
333 340
334 340
335 366
336 384
337 362
338 336
339 344
340 348
341 370
342 348
343 362
344 342
345 156
346 368
347 374
348 374
349 344
350 370
351 368
352 376
353 346
354 342
355 332
356 340
357 350
358 360
359 344
360 378
361 342
362 372
363 350
364 358
365 358
366 374
367 348
368 154
369 340
370 364
371 370
372 358
373 360
374 360
375 342
376 376
377 360
378 348
379 362
380 334
381 344
382 176
383 358
384 368
385 350
386 350
387 356
388 374
389 348
390 372
391 336
392 358
393 342
394 348
395 350
396 364
397 370
398 350
399 166
400 356
401 360
402 350
403 354
404 336
405 370
406 366
407 340
408 348
409 350
410 362
411 338
412 356
413 342
414 364
415 372
416 342
417 154
418 340
419 344
420 344
421 360
422 338
423 372
424 374
425 372
426 366
427 360
428 350
429 358
430 372
431 360
432 358
433 362
434 342
435 336
436 342
437 374
438 356
439 354
440 376
441 340
442 360
443 350
444 358
445 360
446 360
447 362
448 352
449 148
450 368
451 356
452 352
453 362
454 350
455 370
456 370
457 350
458 368
459 370
460 342
461 338
462 356
463 372
464 350
465 344
466 338
467 358
468 354
469 346
470 142
471 334
472 346
473 368
474 370
475 352
476 360
477 366
478 366
479 362
480 350
481 360
482 354
483 362
484 336
485 348
486 360
487 372
488 154
489 342
490 362
491 358
492 344
493 344
494 374
495 366
496 360
497 362
498 368
499 356
500 360
501 352
502 338
503 346
504 368
505 348
506 358
507 342
508 348
509 356
510 154
511 348
512 360
513 366
514 356
515 338
516 370
517 362
518 362
519 344
520 368
521 346
522 352
523 354
524 342
525 340
526 348
527 338
528 362
529 360
530 366
531 350
532 164
533 336
534 360
535 360
536 360
537 152
538 354
539 144
540 338
541 350
542 348
543 160
544 350
545 366
546 362
547 358
548 360
549 376
550 360
551 368
552 372
553 364
554 364
555 366
556 356
557 360
558 338
559 340
560 336
561 372
562 348
563 364
564 362
565 368
566 350
567 360
568 354
569 368
570 362
571 354
572 348
573 338
574 350
575 370
576 354
577 170
578 364
579 336
580 346
581 342
582 358
583 346
584 378
585 368
586 352
587 358
588 352
589 352
590 340
591 372
592 384
593 338
594 366
595 142
596 338
597 342
598 360
599 360
600 174
601 360
602 144
603 338
604 366
605 370
606 356
607 366
608 378
609 336
610 354
611 378
612 360
613 360
614 348
615 354
616 374
617 360
618 370
619 342
620 360
621 338
622 372
623 176
624 360
625 360
626 354
627 338
628 346
629 340
630 350
631 350
632 378
633 364
634 372
635 344
636 374
637 336
638 372
639 368
640 384
641 348
642 338
643 344
644 356
645 372
646 346
647 366
648 374
649 348
650 350
651 338
652 372
653 338
654 340
655 356
656 360
657 338
658 366
659 358
660 336
661 348
662 370
663 374
664 362
665 338
666 368
667 358
668 360
669 356
670 352
671 350
672 350
673 356
674 356
675 360
676 350
677 350
678 368
679 360
680 450
681 350
682 338
683 360
684 358
685 358
686 142
687 356
688 356
689 368
690 350
691 338
692 368
693 366
694 372
695 338
696 382
697 368
698 364
699 366
700 358
701 356
702 366
703 366
704 356
705 334
706 360
707 360
708 372
709 146
710 348
711 336
712 360
713 346
714 356
715 372
716 338
717 356
718 358
719 150
720 386
721 364
722 336
723 362
724 346
725 362
726 362
727 360
728 364
729 344
730 342
731 348
732 348
733 154
734 362
735 360
736 384
737 338
738 340
739 348
740 368
741 358
742 370
743 342
744 376
745 362
746 372
747 368
748 350
749 344
750 340
751 338
752 348
753 362
754 334
755 368
756 342
757 338
758 338
759 368
760 350
761 368
762 360
763 338
764 342
765 342
766 348
767 360
768 352
769 356
770 340
771 358
772 360
773 360
774 360
775 346
776 368
777 364
778 372
779 354
780 164
781 358
782 372
783 366
784 362
785 336
786 150
787 372
788 346
789 344
790 366
791 360
792 356
793 332
794 360
795 372
796 362
797 374
798 340
799 360
800 362
801 370
802 340
803 362
804 374
805 374
806 344
807 350
808 372
809 358
810 348
811 366
812 360
813 370
814 354
815 356
816 354
817 360
818 350
819 342
820 374
821 344
822 342
823 362
824 376
825 140
826 360
827 372
828 354
829 356
830 368
831 338
832 372
833 350
834 356
835 336
836 360
837 358
838 154
839 362
840 350
841 368
842 340
843 360
844 354
845 342
846 356
847 342
848 368
849 356
850 336
851 344
852 356
853 366
854 374
855 356
856 352
857 354
858 372
859 358
860 360
861 342
862 350
863 360
864 366
865 360
866 372
867 346
868 370
869 338
870 142
871 370
872 356
873 346
874 370
875 352
876 152
877 358
878 354
879 368
880 364
881 332
882 364
883 144
884 360
885 344
886 336
887 356
888 348
889 336
890 362
891 360
892 370
893 342
894 366
895 350
896 356
897 372
898 366
899 342
900 336
901 362
902 354
903 344
904 348
905 368
906 360
907 348
908 346
909 352
910 336
911 348
912 350
913 352
914 368
915 372
916 352
917 340
918 364
919 350
920 344
921 344
922 350
923 346
924 360
925 350
926 368
927 360
928 374
929 340
930 358
931 356
932 360
933 364
934 366
935 364
936 378
937 350
938 338
939 366
940 360
941 362
942 336
943 340
944 356
945 354
946 338
947 374
948 360
949 370
950 360
951 372
952 350
953 338
954 172
955 142
956 350
957 362
958 356
959 336
960 386
961 360
962 362
963 372
964 370
965 338
966 340
967 340
968 346
969 174
970 338
971 346
972 344
973 368
974 338
975 356
976 360
977 358
978 348
979 350
980 354
981 364
982 354
983 352
984 382
985 338
986 336
987 340
988 344
989 342
990 360
991 356
992 376
993 342
994 362
995 374
996 356
997 344
998 352
999 342
38 12 1 949
