0 36
1 256
2 252
3 258
4 258
5 238
6 264
7 254
8 256
9 248
10 232
11 232
12 228
13 260
14 258
15 260
16 244
17 242
18 646
19 258
20 240
21 244
22 264
23 254
24 268
25 238
26 254
27 230
28 248
29 250
30 248
31 252
32 50
33 250
34 246
35 260
36 228
37 260
38 262
39 250
40 242
41 80
42 252
43 262
44 246
45 252
46 224
47 256
48 258
49 240
50 230
51 256
52 246
53 260
54 238
55 250
56 240
57 64
58 260
59 262
60 260
61 248
62 250
63 252
64 268
65 262
66 226
67 260
68 258
69 258
70 242
71 250
72 266
73 246
74 260
75 250
76 252
77 250
78 236
79 256
80 260
81 1432
82 236
83 250
84 228
85 230
86 244
87 230
88 238
89 260
90 230
91 262
92 252
93 260
94 230
95 256
96 262
97 256
98 230
99 262
100 262
101 258
102 234
103 250
104 246
105 246
106 226
107 246
108 224
109 252
110 230
111 256
112 246
113 244
114 254
115 224
116 236
117 262
118 250
119 80
120 262
121 260
122 228
123 262
124 256
125 250
126 230
127 252
128 262
129 254
130 246
131 248
132 252
133 262
134 260
135 236
136 260
137 244
138 246
139 262
140 226
141 258
142 252
143 246
144 248
145 262
146 232
147 244
148 262
149 242
150 250
151 256
152 262
153 244
154 248
155 80
156 260
157 258
158 260
159 258
160 258
161 254
162 264
163 264
164 252
165 234
166 242
167 254
168 284
169 254
170 262
171 262
172 258
173 252
174 254
175 260
176 268
177 254
178 252
179 244
180 232
181 260
182 248
183 248
184 254
185 264
186 244
187 248
188 240
189 240
190 254
191 244
192 244
193 264
194 248
195 248
196 74
197 256
198 258
199 230
200 246
201 66
202 258
203 256
204 248
205 234
206 258
207 252
208 268
209 256
210 262
211 254
212 248
213 262
214 252
215 248
216 262
217 248
218 230
219 236
220 242
221 226
222 248
223 254
224 258
225 260
226 254
227 262
228 254
229 238
230 252
231 252
232 248
233 262
234 260
235 248
236 70
237 246
238 250
239 254
240 268
241 230
242 228
243 246
244 244
245 250
246 246
247 234
248 230
249 234
250 252
251 254
252 226
253 246
254 260
255 264
256 258
257 256
258 246
259 254
260 230
261 260
262 250
263 224
264 256
265 260
266 252
267 246
268 256
269 260
270 262
271 254
272 258
273 224
274 252
275 254
276 246
277 240
278 266
279 250
280 232
281 258
282 258
283 260
284 248
285 248
286 260
287 248
288 248
289 226
290 260
291 264
292 262
293 264
294 258
295 250
296 254
297 254
298 246
299 262
300 246
301 230
302 262
303 256
304 232
305 246
306 70
307 246
308 230
309 250
310 240
311 264
312 254
313 254
314 256
315 254
316 250
317 258
318 254
319 240
320 266
321 256
322 260
323 238
324 262
325 264
326 258
327 260
328 248
329 250
330 232
331 76
332 262
333 258
334 258
335 252
336 232
337 224
338 240
339 248
340 252
341 230
342 254
343 232
344 270
345 240
346 262
347 264
348 248
349 258
350 262
351 250
352 262
353 252
354 262
355 264
356 260
357 252
358 230
359 66
360 256
361 248
362 250
363 248
364 246
365 262
366 254
367 228
368 242
369 248
370 248
371 80
372 252
373 262
374 262
375 262
376 254
377 258
378 238
379 228
380 256
381 246
382 238
383 78
384 254
385 262
386 246
387 246
388 240
389 262
390 66
391 246
392 256
393 250
394 246
395 264
396 254
397 254
398 260
399 244
400 248
401 262
402 248
403 228
404 260
405 252
406 78
407 264
408 252
409 262
410 260
411 258
412 246
413 262
414 240
415 228
416 268
417 226
418 832
419 256
420 238
421 226
422 250
423 262
424 254
425 258
426 256
427 254
428 260
429 254
430 246
431 250
432 244
433 228
434 232
435 246
436 230
437 1042
438 260
439 250
440 232
441 226
442 258
443 254
444 224
445 262
446 250
447 238
448 268
449 254
450 226
451 234
452 226
453 258
454 250
455 250
456 256
457 258
458 246
459 224
460 258
461 226
462 66
463 266
464 264
465 262
466 236
467 254
468 240
469 252
470 248
471 228
472 250
473 250
474 80
475 252
476 242
477 68
478 264
479 238
480 246
481 234
482 256
483 250
484 260
485 264
486 74
487 268
488 80
489 256
490 248
491 242
492 250
493 246
494 70
495 252
496 252
497 262
498 264
499 246
500 246
501 226
502 248
503 1444
504 74
505 250
506 254
507 250
508 260
509 226
510 250
511 234
512 264
513 262
514 240
515 252
516 228
517 252
518 236
519 260
520 230
521 240
522 228
523 74
524 246
525 354
526 230
527 252
528 264
529 262
530 260
531 252
532 258
533 256
534 248
535 246
536 240
537 238
538 260
539 260
540 250
541 250
542 226
543 258
544 258
545 232
546 244
547 256
548 250
549 262
550 246
551 256
552 256
553 250
554 260
555 228
556 236
557 264
558 260
559 228
560 240
561 78
562 256
563 244
564 248
565 230
566 264
567 226
568 260
569 264
570 228
571 252
572 256
573 224
574 264
575 252
576 238
577 226
578 240
579 228
580 260
581 256
582 248
583 256
584 260
585 250
586 258
587 256
588 238
589 262
590 252
591 242
592 248
593 238
594 264
595 248
596 260
597 266
598 262
599 260
600 252
601 256
602 262
603 244
604 254
605 258
606 246
607 250
608 260
609 254
610 250
611 264
612 228
613 260
614 250
615 252
616 254
617 252
618 244
619 262
620 262
621 256
622 264
623 248
624 82
625 258
626 238
627 246
628 254
629 236
630 258
631 240
632 258
633 252
634 254
635 264
636 262
637 230
638 260
639 226
640 262
641 254
642 236
643 254
644 238
645 250
646 232
647 254
648 266
649 252
650 262
651 258
652 242
653 240
654 248
655 248
656 264
657 260
658 254
659 236
660 236
661 260
662 262
663 264
664 232
665 250
666 72
667 252
668 250
669 254
670 238
671 68
672 254
673 260
674 230
675 250
676 224
677 254
678 252
679 250
680 290
681 66
682 252
683 242
684 246
685 252
686 246
687 246
688 76
689 258
690 250
691 698
692 240
693 246
694 256
695 234
696 230
697 264
698 250
699 256
700 254
701 248
702 250
703 256
704 244
705 254
706 246
707 250
708 248
709 260
710 252
711 262
712 260
713 76
714 264
715 244
716 262
717 74
718 256
719 258
720 260
721 230
722 70
723 256
724 234
725 240
726 236
727 230
728 256
729 246
730 252
731 242
732 248
733 254
734 248
735 264
736 256
737 74
738 258
739 262
740 240
741 262
742 250
743 262
744 74
745 254
746 262
747 258
748 246
749 256
750 70
751 248
752 234
753 256
754 248
755 248
756 230
757 1010
758 256
759 228
760 264
761 248
762 226
763 238
764 244
765 240
766 262
767 258
768 238
769 256
770 244
771 240
772 246
773 254
774 80
775 258
776 236
777 242
778 724
779 254
780 68
781 228
782 260
783 226
784 228
785 240
786 260
787 258
788 264
789 250
790 262
791 262
792 246
793 258
794 232
795 256
796 236
797 250
798 64
799 246
800 254
801 262
802 260
803 234
804 232
805 252
806 256
807 260
808 262
809 226
810 252
811 256
812 224
813 258
814 250
815 252
816 252
817 254
818 256
819 236
820 250
821 248
822 246
823 262
824 242
825 260
826 260
827 260
828 240
829 228
830 250
831 250
832 258
833 248
834 80
835 258
836 246
837 250
838 70
839 262
840 266
841 258
842 1216
843 258
844 234
845 258
846 258
847 256
848 252
849 244
850 240
851 240
852 230
853 252
854 232
855 254
856 76
857 260
858 258
859 262
860 258
861 1270
862 264
863 260
864 246
865 80
866 264
867 248
868 80
869 258
870 230
871 260
872 260
873 248
874 258
875 248
876 222
877 264
878 252
879 258
880 260
881 258
882 250
883 258
884 262
885 228
886 252
887 240
888 254
889 238
890 252
891 240
892 242
893 260
894 248
895 256
896 258
897 226
898 70
899 246
900 248
901 256
902 256
903 252
904 262
905 254
906 70
907 260
908 262
909 256
910 264
911 260
912 264
913 236
914 262
915 260
916 256
917 236
918 264
919 244
920 258
921 246
922 260
923 262
924 234
925 260
926 254
927 248
928 254
929 252
930 258
931 70
932 80
933 262
934 258
935 238
936 256
937 236
938 238
939 248
940 242
941 244
942 256
943 228
944 254
945 238
946 252
947 238
948 224
949 262
950 252
951 244
952 258
953 248
954 246
955 226
956 258
957 80
958 246
959 252
960 240
961 246
962 258
963 262
964 224
965 226
966 258
967 262
968 264
969 252
970 252
971 252
972 258
973 238
974 228
975 70
976 258
977 226
978 228
979 248
980 262
981 248
982 252
983 260
984 234
985 256
986 262
987 246
988 246
989 262
990 244
991 254
992 266
993 258
994 254
995 252
996 254
997 74
998 252
999 254
50 0 1 949
