0 42
1 258
2 258
3 264
4 268
5 258
6 270
7 260
8 268
9 270
10 60
11 258
12 270
13 270
14 266
15 274
16 256
17 80
18 264
19 256
20 272
21 268
22 248
23 256
24 266
25 256
26 258
27 236
28 244
29 266
30 268
31 264
32 274
33 258
34 240
35 242
36 260
37 256
38 238
39 264
40 266
41 270
42 254
43 272
44 74
45 268
46 268
47 266
48 248
49 258
50 250
51 260
52 264
53 260
54 270
55 254
56 274
57 264
58 262
59 254
60 268
61 256
62 260
63 258
64 278
65 256
66 260
67 258
68 270
69 264
70 262
71 256
72 268
73 268
74 256
75 260
76 272
77 260
78 278
79 266
80 278
81 254
82 274
83 254
84 272
85 260
86 256
87 234
88 258
89 254
90 264
91 264
92 262
93 260
94 254
95 266
96 242
97 270
98 270
99 236
100 234
101 264
102 268
103 74
104 276
105 260
106 256
107 254
108 256
109 256
110 272
111 238
112 272
113 264
114 272
115 262
116 262
117 264
118 260
119 258
120 266
121 262
122 248
123 260
124 260
125 266
126 264
127 272
128 272
129 268
130 268
131 240
132 256
133 248
134 258
135 76
136 274
137 240
138 248
139 242
140 264
141 232
142 262
143 258
144 274
145 270
146 252
147 260
148 242
149 264
150 272
151 266
152 292
153 260
154 254
155 260
156 260
157 254
158 270
159 268
160 270
161 272
162 254
163 242
164 256
165 80
166 264
167 256
168 282
169 256
170 274
171 264
172 270
173 266
174 268
175 264
176 268
177 236
178 246
179 270
180 256
181 258
182 266
183 256
184 242
185 234
186 266
187 264
188 260
189 266
190 256
191 242
192 258
193 270
194 242
195 262
196 266
197 256
198 268
199 260
200 276
201 262
202 268
203 240
204 248
205 254
206 248
207 240
208 264
209 74
210 266
211 262
212 270
213 242
214 264
215 270
216 274
217 264
218 250
219 252
220 244
221 260
222 264
223 268
224 262
225 268
226 258
227 256
228 270
229 82
230 264
231 236
232 270
233 272
234 258
235 264
236 270
237 272
238 252
239 234
240 272
241 252
242 268
243 268
244 236
245 248
246 258
247 252
248 280
249 250
250 260
251 264
252 274
253 264
254 250
255 272
256 270
257 274
258 246
259 244
260 270
261 264
262 264
263 248
264 256
265 272
266 264
267 250
268 256
269 270
270 268
271 272
272 266
273 266
274 272
275 262
276 76
277 266
278 260
279 270
280 238
281 270
282 268
283 242
284 264
285 270
286 260
287 238
288 272
289 270
290 268
291 236
292 266
293 266
294 262
295 268
296 264
297 260
298 256
299 82
300 260
301 252
302 262
303 74
304 266
305 248
306 268
307 246
308 256
309 252
310 270
311 256
312 264
313 262
314 268
315 234
316 268
317 254
318 252
319 246
320 280
321 256
322 244
323 72
324 272
325 274
326 266
327 262
328 266
329 262
330 78
331 86
332 270
333 232
334 264
335 270
336 270
337 264
338 266
339 272
340 266
341 260
342 270
343 268
344 276
345 256
346 246
347 250
348 78
349 256
350 90
351 258
352 260
353 264
354 264
355 248
356 266
357 236
358 270
359 266
360 254
361 270
362 272
363 240
364 258
365 88
366 270
367 258
368 258
369 256
370 244
371 258
372 272
373 260
374 82
375 264
376 284
377 266
378 256
379 246
380 270
381 264
382 270
383 242
384 272
385 262
386 256
387 258
388 262
389 262
390 262
391 236
392 272
393 272
394 258
395 256
396 264
397 258
398 248
399 258
400 244
401 258
402 270
403 264
404 264
405 268
406 264
407 234
408 266
409 238
410 238
411 266
412 258
413 270
414 262
415 254
416 272
417 248
418 262
419 262
420 72
421 252
422 268
423 270
424 288
425 250
426 266
427 234
428 242
429 258
430 248
431 260
432 252
433 270
434 246
435 272
436 254
437 270
438 238
439 270
440 276
441 256
442 84
443 256
444 262
445 254
446 266
447 256
448 248
449 238
450 238
451 260
452 254
453 262
454 238
455 258
456 278
457 258
458 260
459 258
460 260
461 236
462 270
463 240
464 276
465 270
466 272
467 260
468 264
469 234
470 264
471 238
472 244
473 258
474 262
475 262
476 260
477 256
478 268
479 270
480 272
481 268
482 242
483 234
484 234
485 260
486 270
487 262
488 276
489 244
490 266
491 84
492 262
493 262
494 260
495 270
496 264
497 258
498 264
499 268
500 252
501 248
502 256
503 234
504 262
505 256
506 258
507 246
508 254
509 74
510 260
511 256
512 278
513 256
514 264
515 264
516 254
517 258
518 262
519 242
520 260
521 272
522 254
523 240
524 240
525 260
526 270
527 274
528 260
529 260
530 236
531 260
532 256
533 266
534 234
535 252
536 280
537 256
538 270
539 254
540 258
541 258
542 268
543 254
544 272
545 254
546 242
547 252
548 262
549 250
550 260
551 260
552 266
553 270
554 262
555 232
556 88
557 260
558 264
559 270
560 278
561 258
562 264
563 270
564 262
565 260
566 248
567 272
568 92
569 86
570 256
571 252
572 270
573 258
574 258
575 262
576 250
577 276
578 240
579 258
580 238
581 242
582 268
583 270
584 270
585 258
586 258
587 256
588 264
589 256
590 272
591 262
592 260
593 240
594 254
595 264
596 236
597 252
598 262
599 248
600 282
601 268
602 238
603 268
604 232
605 244
606 250
607 244
608 262
609 246
610 240
611 76
612 88
613 76
614 266
615 260
616 260
617 82
618 256
619 260
620 250
621 260
622 238
623 260
624 258
625 266
626 238
627 262
628 258
629 258
630 258
631 268
632 250
633 78
634 82
635 258
636 268
637 260
638 240
639 258
640 300
641 266
642 272
643 256
644 254
645 260
646 256
647 262
648 288
649 270
650 254
651 264
652 270
653 276
654 272
655 264
656 274
657 266
658 244
659 260
660 270
661 268
662 240
663 268
664 274
665 248
666 262
667 262
668 262
669 270
670 264
671 270
672 270
673 252
674 262
675 256
676 252
677 82
678 264
679 254
680 294
681 244
682 270
683 254
684 258
685 244
686 256
687 244
688 266
689 236
690 250
691 270
692 260
693 262
694 238
695 242
696 262
697 244
698 262
699 254
700 258
701 84
702 254
703 268
704 248
705 256
706 240
707 246
708 270
709 250
710 236
711 264
712 278
713 260
714 254
715 86
716 260
717 262
718 264
719 254
720 256
721 272
722 258
723 262
724 258
725 266
726 268
727 260
728 272
729 262
730 260
731 244
732 262
733 258
734 262
735 260
736 276
737 272
738 254
739 248
740 76
741 270
742 258
743 246
744 292
745 240
746 242
747 258
748 264
749 252
750 244
751 242
752 280
753 242
754 266
755 270
756 86
757 262
758 256
759 262
760 276
761 252
762 262
763 246
764 256
765 260
766 270
767 240
768 274
769 268
770 88
771 276
772 266
773 232
774 264
775 252
776 238
777 258
778 270
779 246
780 262
781 86
782 270
783 242
784 272
785 244
786 268
787 256
788 270
789 258
790 260
791 272
792 254
793 240
794 270
795 254
796 258
797 244
798 260
799 260
800 256
801 270
802 236
803 248
804 264
805 266
806 262
807 272
808 254
809 256
810 260
811 256
812 246
813 250
814 272
815 80
816 268
817 272
818 254
819 252
820 270
821 240
822 246
823 264
824 266
825 260
826 260
827 272
828 256
829 266
830 246
831 266
832 244
833 246
834 266
835 270
836 254
837 238
838 264
839 240
840 250
841 260
842 236
843 256
844 236
845 252
846 234
847 78
848 276
849 256
850 270
851 264
852 258
853 266
854 270
855 272
856 256
857 252
858 88
859 80
860 264
861 256
862 260
863 268
864 272
865 264
866 268
867 260
868 266
869 260
870 272
871 246
872 268
873 272
874 266
875 258
876 268
877 264
878 272
879 270
880 274
881 272
882 250
883 266
884 254
885 234
886 248
887 260
888 268
889 254
890 254
891 248
892 268
893 234
894 256
895 272
896 260
897 242
898 260
899 258
900 268
901 254
902 268
903 246
904 272
905 254
906 262
907 262
908 260
909 264
910 254
911 262
912 242
913 266
914 258
915 258
916 270
917 258
918 238
919 266
920 266
921 254
922 240
923 256
924 266
925 240
926 254
927 264
928 266
929 76
930 266
931 272
932 270
933 260
934 234
935 238
936 90
937 262
938 258
939 86
940 262
941 270
942 272
943 88
944 260
945 256
946 266
947 258
948 234
949 262
950 238
951 244
952 268
953 256
954 238
955 264
956 254
957 258
958 262
959 260
960 276
961 248
962 274
963 268
964 268
965 260
966 270
967 272
968 266
969 250
970 266
971 260
972 264
973 248
974 238
975 270
976 270
977 276
978 268
979 254
980 272
981 270
982 268
983 270
984 270
985 252
986 262
987 240
988 270
989 270
990 248
991 260
992 400
993 242
994 268
995 270
996 252
997 254
998 244
999 254
46 4 1 949
