0 48
1 274
2 278
3 272
4 274
5 264
6 272
7 268
8 268
9 246
10 262
11 250
12 274
13 268
14 258
15 276
16 284
17 260
18 274
19 262
20 264
21 272
22 264
23 268
24 250
25 262
26 270
27 248
28 256
29 262
30 260
31 264
32 282
33 258
34 250
35 272
36 268
37 264
38 274
39 266
40 270
41 268
42 274
43 266
44 264
45 262
46 268
47 274
48 252
49 242
50 256
51 270
52 278
53 276
54 280
55 246
56 268
57 258
58 278
59 276
60 268
61 268
62 276
63 86
64 276
65 258
66 94
67 266
68 258
69 270
70 270
71 256
72 284
73 254
74 244
75 278
76 266
77 244
78 284
79 280
80 272
81 270
82 274
83 250
84 244
85 282
86 280
87 278
88 104
89 264
90 274
91 266
92 272
93 270
94 96
95 96
96 284
97 278
98 276
99 262
100 286
101 278
102 258
103 266
104 292
105 276
106 82
107 284
108 272
109 246
110 252
111 280
112 270
113 266
114 270
115 274
116 262
117 262
118 246
119 280
120 276
121 258
122 266
123 282
124 280
125 272
126 278
127 274
128 274
129 262
130 92
131 280
132 244
133 276
134 274
135 288
136 266
137 266
138 252
139 288
140 260
141 258
142 262
143 280
144 290
145 266
146 276
147 250
148 264
149 266
150 276
151 276
152 284
153 98
154 290
155 270
156 280
157 256
158 280
159 268
160 284
161 284
162 254
163 94
164 270
165 282
166 290
167 280
168 326
169 286
170 248
171 276
172 278
173 270
174 278
175 258
176 282
177 252
178 272
179 104
180 294
181 272
182 280
183 240
184 106
185 268
186 290
187 246
188 294
189 264
190 274
191 260
192 278
193 266
194 262
195 284
196 92
197 280
198 90
199 266
200 290
201 100
202 268
203 264
204 280
205 266
206 254
207 250
208 104
209 292
210 266
211 264
212 246
213 96
214 258
215 288
216 284
217 268
218 268
219 276
220 274
221 252
222 80
223 278
224 286
225 278
226 266
227 284
228 274
229 252
230 274
231 260
232 96
233 272
234 272
235 272
236 264
237 278
238 262
239 240
240 254
241 278
242 274
243 268
244 272
245 270
246 258
247 248
248 280
249 258
250 276
251 274
252 280
253 270
254 246
255 280
256 282
257 282
258 272
259 256
260 278
261 250
262 284
263 266
264 268
265 286
266 282
267 276
268 260
269 290
270 284
271 280
272 278
273 252
274 248
275 276
276 278
277 272
278 252
279 270
280 270
281 280
282 292
283 282
284 278
285 282
286 256
287 272
288 282
289 254
290 256
291 280
292 270
293 278
294 288
295 274
296 258
297 284
298 274
299 272
300 282
301 270
302 282
303 262
304 288
305 266
306 100
307 276
308 276
309 258
310 274
311 268
312 284
313 266
314 286
315 276
316 278
317 268
318 292
319 260
320 286
321 282
322 270
323 256
324 262
325 100
326 286
327 268
328 102
329 276
330 282
331 274
332 276
333 278
334 288
335 278
336 274
337 280
338 274
339 256
340 262
341 266
342 274
343 256
344 272
345 276
346 242
347 248
348 290
349 266
350 274
351 276
352 278
353 90
354 264
355 242
356 246
357 274
358 266
359 278
360 278
361 264
362 278
363 274
364 282
365 282
366 250
367 278
368 288
369 260
370 280
371 262
372 262
373 278
374 250
375 272
376 306
377 272
378 246
379 252
380 250
381 264
382 266
383 276
384 250
385 266
386 264
387 264
388 276
389 266
390 252
391 242
392 276
393 278
394 266
395 262
396 280
397 264
398 262
399 262
400 278
401 264
402 278
403 280
404 272
405 252
406 270
407 266
408 286
409 274
410 282
411 272
412 256
413 254
414 282
415 276
416 272
417 264
418 274
419 278
420 274
421 240
422 268
423 272
424 270
425 244
426 258
427 268
428 282
429 250
430 286
431 244
432 278
433 278
434 276
435 276
436 244
437 82
438 260
439 258
440 248
441 276
442 260
443 262
444 270
445 274
446 258
447 250
448 280
449 260
450 268
451 272
452 278
453 246
454 266
455 280
456 280
457 246
458 280
459 270
460 260
461 270
462 254
463 282
464 276
465 268
466 270
467 282
468 246
469 282
470 270
471 286
472 276
473 260
474 276
475 272
476 264
477 270
478 280
479 270
480 264
481 290
482 272
483 276
484 254
485 258
486 278
487 258
488 292
489 246
490 272
491 260
492 282
493 268
494 250
495 266
496 272
497 276
498 268
499 284
500 244
501 258
502 278
503 274
504 278
505 276
506 268
507 274
508 280
509 256
510 248
511 258
512 276
513 272
514 276
515 274
516 272
517 250
518 264
519 270
520 270
521 280
522 260
523 248
524 250
525 276
526 288
527 272
528 92
529 284
530 278
531 260
532 268
533 274
534 288
535 282
536 264
537 266
538 276
539 284
540 266
541 250
542 268
543 284
544 282
545 274
546 268
547 256
548 250
549 262
550 280
551 90
552 274
553 278
554 286
555 280
556 260
557 252
558 276
559 292
560 278
561 256
562 286
563 266
564 280
565 272
566 272
567 286
568 284
569 270
570 264
571 270
572 288
573 270
574 276
575 254
576 254
577 262
578 274
579 280
580 282
581 276
582 268
583 240
584 288
585 266
586 250
587 258
588 270
589 262
590 282
591 276
592 268
593 276
594 270
595 284
596 282
597 264
598 260
599 296
600 256
601 268
602 260
603 266
604 276
605 276
606 282
607 286
608 266
609 276
610 280
611 254
612 272
613 282
614 286
615 262
616 276
617 276
618 84
619 268
620 272
621 106
622 264
623 278
624 284
625 250
626 292
627 292
628 262
629 268
630 274
631 266
632 284
633 248
634 278
635 264
636 284
637 260
638 252
639 284
640 282
641 252
642 242
643 262
644 262
645 254
646 264
647 256
648 266
649 248
650 274
651 256
652 266
653 276
654 278
655 284
656 272
657 268
658 280
659 274
660 286
661 276
662 288
663 246
664 274
665 276
666 270
667 280
668 276
669 274
670 264
671 248
672 276
673 278
674 264
675 264
676 286
677 252
678 274
679 272
680 314
681 248
682 284
683 264
684 274
685 280
686 274
687 260
688 260
689 266
690 262
691 280
692 258
693 268
694 276
695 274
696 256
697 260
698 284
699 276
700 266
701 278
702 274
703 282
704 282
705 284
706 268
707 282
708 280
709 278
710 268
711 278
712 282
713 280
714 282
715 264
716 270
717 272
718 272
719 276
720 270
721 276
722 260
723 276
724 258
725 272
726 272
727 266
728 286
729 260
730 274
731 268
732 282
733 260
734 272
735 276
736 96
737 278
738 266
739 274
740 104
741 278
742 268
743 270
744 310
745 268
746 276
747 260
748 248
749 268
750 244
751 292
752 280
753 250
754 288
755 282
756 94
757 276
758 276
759 266
760 288
761 270
762 276
763 288
764 104
765 280
766 278
767 274
768 258
769 290
770 278
771 270
772 264
773 276
774 270
775 96
776 284
777 262
778 266
779 274
780 268
781 272
782 274
783 268
784 252
785 278
786 276
787 264
788 282
789 258
790 284
791 262
792 274
793 284
794 278
795 294
796 262
797 276
798 278
799 242
800 276
801 266
802 246
803 274
804 274
805 284
806 260
807 250
808 286
809 262
810 268
811 282
812 262
813 254
814 270
815 288
816 276
817 248
818 282
819 286
820 258
821 256
822 290
823 268
824 272
825 252
826 256
827 274
828 276
829 252
830 278
831 272
832 278
833 250
834 280
835 266
836 272
837 276
838 276
839 270
840 300
841 276
842 280
843 262
844 272
845 266
846 266
847 272
848 278
849 278
850 280
851 272
852 282
853 264
854 272
855 246
856 290
857 286
858 266
859 268
860 272
861 266
862 280
863 278
864 284
865 266
866 272
867 272
868 252
869 258
870 254
871 278
872 264
873 252
874 254
875 286
876 282
877 276
878 268
879 280
880 260
881 280
882 264
883 284
884 290
885 264
886 272
887 276
888 268
889 270
890 268
891 284
892 272
893 284
894 286
895 290
896 288
897 274
898 272
899 282
900 258
901 284
902 266
903 260
904 294
905 278
906 270
907 270
908 272
909 284
910 270
911 260
912 282
913 276
914 268
915 284
916 272
917 260
918 254
919 240
920 296
921 270
922 276
923 274
924 276
925 256
926 258
927 290
928 272
929 260
930 260
931 86
932 262
933 280
934 262
935 276
936 284
937 276
938 280
939 272
940 292
941 284
942 284
943 270
944 276
945 280
946 264
947 260
948 268
949 282
950 254
951 276
952 286
953 256
954 284
955 252
956 282
957 274
958 282
959 270
960 264
961 272
962 272
963 278
964 270
965 274
966 266
967 278
968 308
969 278
970 286
971 270
972 274
973 262
974 276
975 278
976 286
977 274
978 288
979 292
980 264
981 278
982 272
983 280
984 276
985 288
986 256
987 288
988 274
989 274
990 262
991 292
992 286
993 282
994 286
995 262
996 284
997 240
998 250
999 292
33 17 1 949
