0 48
1 348
2 340
3 336
4 296
5 314
6 318
7 326
8 424
9 388
10 370
11 404
12 330
13 324
14 324
15 366
16 472
17 334
18 362
19 330
20 320
21 344
22 408
23 306
24 336
25 512
26 390
27 272
28 318
29 434
30 380
31 364
32 394
33 332
34 440
35 366
36 320
37 432
38 322
39 374
40 378
41 454
42 386
43 452
44 460
45 402
46 348
47 386
48 344
49 396
50 546
51 354
52 396
53 372
54 290
55 294
56 298
57 330
58 294
59 346
60 438
61 332
62 318
63 348
64 404
65 282
66 278
67 412
68 266
69 288
70 286
71 288
72 98
73 324
74 340
75 398
76 368
77 320
78 330
79 344
80 398
81 410
82 592
83 406
84 362
85 314
86 284
87 336
88 366
89 360
90 426
91 348
92 428
93 354
94 356
95 342
96 394
97 322
98 374
99 318
100 414
101 304
102 348
103 360
104 310
105 330
106 276
107 286
108 366
109 318
110 328
111 268
112 432
113 92
114 344
115 368
116 330
117 346
118 408
119 382
120 412
121 370
122 332
123 336
124 376
125 276
126 270
127 262
128 316
129 356
130 300
131 352
132 322
133 288
134 336
135 336
136 284
137 412
138 322
139 500
140 398
141 96
142 340
143 418
144 330
145 326
146 324
147 320
148 348
149 352
150 374
151 314
152 342
153 406
154 504
155 282
156 292
157 322
158 368
159 312
160 328
161 352
162 352
163 394
164 364
165 286
166 334
167 360
168 410
169 374
170 338
171 298
172 296
173 366
174 332
175 90
176 328
177 398
178 376
179 292
180 446
181 284
182 298
183 360
184 96
185 312
186 288
187 338
188 680
189 320
190 362
191 328
192 360
193 520
194 366
195 410
196 398
197 342
198 326
199 320
200 382
201 326
202 292
203 488
204 284
205 290
206 364
207 420
208 338
209 332
210 350
211 324
212 328
213 296
214 282
215 314
216 366
217 330
218 396
219 338
220 334
221 318
222 340
223 332
224 364
225 370
226 294
227 392
228 288
229 370
230 278
231 376
232 368
233 318
234 324
235 306
236 426
237 332
238 98
239 334
240 344
241 400
242 388
243 312
244 416
245 358
246 364
247 326
248 288
249 282
250 324
251 372
252 386
253 386
254 354
255 90
256 460
257 330
258 308
259 314
260 322
261 266
262 278
263 288
264 352
265 322
266 368
267 330
268 316
269 348
270 570
271 468
272 378
273 278
274 462
275 92
276 340
277 354
278 302
279 290
280 362
281 318
282 320
283 356
284 364
285 438
286 340
287 346
288 374
289 358
290 326
291 366
292 298
293 330
294 326
295 382
296 344
297 364
298 388
299 490
300 324
301 384
302 328
303 340
304 296
305 436
306 336
307 372
308 362
309 340
310 330
311 334
312 366
313 342
314 310
315 432
316 284
317 344
318 352
319 336
320 432
321 296
322 312
323 350
324 422
325 440
326 300
327 268
328 354
329 270
330 364
331 348
332 286
333 384
334 332
335 368
336 566
337 330
338 368
339 328
340 268
341 314
342 292
343 284
344 346
345 354
346 326
347 374
348 402
349 294
350 338
351 316
352 346
353 364
354 348
355 276
356 402
357 348
358 316
359 432
360 408
361 346
362 332
363 298
364 348
365 294
366 362
367 288
368 294
369 290
370 320
371 328
372 364
373 300
374 430
375 296
376 400
377 356
378 374
379 270
380 404
381 320
382 300
383 324
384 328
385 284
386 334
387 320
388 292
389 326
390 306
391 346
392 424
393 364
394 332
395 338
396 346
397 362
398 338
399 370
400 338
401 340
402 282
403 390
404 288
405 338
406 442
407 386
408 298
409 370
410 272
411 318
412 380
413 372
414 306
415 340
416 416
417 426
418 324
419 390
420 332
421 298
422 322
423 352
424 314
425 344
426 362
427 364
428 388
429 362
430 330
431 396
432 428
433 404
434 382
435 290
436 362
437 338
438 334
439 314
440 334
441 392
442 340
443 310
444 346
445 342
446 412
447 346
448 354
449 86
450 368
451 358
452 336
453 334
454 352
455 350
456 384
457 268
458 362
459 362
460 290
461 306
462 456
463 370
464 328
465 424
466 334
467 396
468 274
469 310
470 418
471 394
472 350
473 344
474 376
475 314
476 586
477 294
478 356
479 386
480 334
481 288
482 300
483 334
484 344
485 320
486 382
487 306
488 340
489 380
490 572
491 364
492 368
493 304
494 302
495 404
496 356
497 312
498 344
499 340
500 298
501 326
502 310
503 474
504 294
505 288
506 340
507 284
508 290
509 406
510 380
511 374
512 306
513 400
514 340
515 334
516 646
517 438
518 324
519 330
520 394
521 306
522 314
523 334
524 500
525 402
526 314
527 308
528 336
529 362
530 330
531 264
532 330
533 404
534 280
535 396
536 310
537 318
538 328
539 386
540 422
541 298
542 300
543 268
544 420
545 336
546 314
547 324
548 292
549 320
550 342
551 414
552 454
553 318
554 298
555 350
556 420
557 340
558 94
559 300
560 296
561 354
562 340
563 260
564 302
565 310
566 336
567 344
568 478
569 318
570 350
571 318
572 422
573 362
574 432
575 398
576 426
577 410
578 444
579 298
580 294
581 360
582 364
583 326
584 278
585 340
586 370
587 292
588 352
589 358
590 330
591 342
592 360
593 316
594 338
595 404
596 270
597 392
598 444
599 370
600 336
601 290
602 296
603 330
604 378
605 638
606 476
607 298
608 816
609 374
610 316
611 320
612 342
613 330
614 334
615 286
616 306
617 314
618 332
619 354
620 330
621 352
622 330
623 354
624 510
625 506
626 650
627 392
628 394
629 344
630 408
631 394
632 380
633 330
634 364
635 324
636 346
637 342
638 346
639 462
640 440
641 380
642 384
643 390
644 368
645 466
646 388
647 266
648 280
649 260
650 294
651 386
652 406
653 438
654 270
655 406
656 426
657 292
658 316
659 338
660 364
661 316
662 434
663 270
664 386
665 390
666 466
667 352
668 384
669 396
670 354
671 336
672 422
673 418
674 352
675 398
676 268
677 266
678 384
679 326
680 304
681 300
682 280
683 328
684 286
685 322
686 350
687 336
688 282
689 332
690 362
691 282
692 312
693 364
694 378
695 358
696 412
697 366
698 332
699 408
700 396
701 408
702 340
703 352
704 334
705 268
706 350
707 284
708 328
709 328
710 412
711 418
712 296
713 384
714 336
715 376
716 326
717 312
718 278
719 336
720 372
721 270
722 324
723 264
724 364
725 368
726 390
727 364
728 392
729 290
730 494
731 448
732 454
733 424
734 360
735 342
736 304
737 402
738 268
739 316
740 354
741 406
742 94
743 336
744 360
745 410
746 380
747 388
748 380
749 414
750 342
751 290
752 362
753 366
754 392
755 412
756 434
757 420
758 486
759 350
760 422
761 370
762 330
763 322
764 302
765 398
766 498
767 364
768 338
769 296
770 314
771 336
772 532
773 382
774 320
775 310
776 354
777 348
778 362
779 312
780 376
781 298
782 402
783 354
784 362
785 396
786 424
787 590
788 574
789 370
790 480
791 380
792 104
793 326
794 274
795 326
796 348
797 342
798 340
799 306
800 406
801 292
802 366
803 348
804 334
805 358
806 410
807 456
808 420
809 578
810 566
811 386
812 344
813 340
814 498
815 342
816 378
817 326
818 394
819 388
820 302
821 264
822 360
823 476
824 304
825 334
826 264
827 350
828 326
829 348
830 400
831 374
832 370
833 392
834 340
835 392
836 424
837 350
838 426
839 276
840 428
841 330
842 372
843 430
844 320
845 288
846 340
847 344
848 368
849 348
850 348
851 420
852 352
853 276
854 336
855 454
856 354
857 288
858 354
859 268
860 408
861 342
862 290
863 284
864 366
865 344
866 364
867 412
868 354
869 420
870 392
871 328
872 306
873 348
874 348
875 418
876 494
877 324
878 296
879 338
880 380
881 340
882 298
883 416
884 300
885 426
886 456
887 562
888 360
889 500
890 430
891 324
892 284
893 498
894 436
895 434
896 376
897 430
898 410
899 362
900 442
901 336
902 306
903 264
904 474
905 408
906 356
907 348
908 384
909 420
910 362
911 408
912 274
913 304
914 278
915 286
916 330
917 364
918 408
919 354
920 392
921 370
922 328
923 614
924 382
925 364
926 378
927 326
928 286
929 392
930 326
931 408
932 346
933 386
934 332
935 364
936 390
937 298
938 364
939 390
940 316
941 334
942 336
943 314
944 104
945 366
946 336
947 324
948 348
949 296
950 358
951 340
952 336
953 396
954 540
955 408
956 442
957 370
958 420
959 308
960 348
961 544
962 360
963 340
964 374
965 442
966 346
967 430
968 490
969 368
970 392
971 354
972 292
973 312
974 308
975 330
976 312
977 304
978 272
979 312
980 404
981 270
982 340
983 286
984 376
985 386
986 414
987 324
988 372
989 396
990 346
991 370
992 336
993 344
994 370
995 334
996 376
997 354
998 384
999 336
23 27 81 869
