0 34
1 328
2 364
3 330
4 518
5 382
6 406
7 368
8 472
9 342
10 382
11 416
12 422
13 498
14 366
15 356
16 492
17 394
18 540
19 410
20 346
21 356
22 392
23 358
24 438
25 356
26 342
27 456
28 420
29 438
30 404
31 382
32 444
33 360
34 358
35 386
36 428
37 402
38 404
39 54
40 486
41 478
42 390
43 358
44 338
45 386
46 80
47 368
48 468
49 376
50 374
51 402
52 324
53 394
54 450
55 386
56 460
57 446
58 352
59 440
60 366
61 470
62 438
63 364
64 436
65 418
66 386
67 450
68 402
69 486
70 474
71 454
72 528
73 384
74 326
75 434
76 406
77 434
78 380
79 510
80 418
81 414
82 366
83 388
84 358
85 400
86 386
87 422
88 382
89 426
90 408
91 74
92 372
93 382
94 366
95 324
96 386
97 350
98 360
99 420
100 436
101 320
102 396
103 334
104 412
105 412
106 394
107 432
108 416
109 438
110 432
111 498
112 490
113 360
114 342
115 340
116 408
117 454
118 406
119 440
120 444
121 390
122 398
123 462
124 412
125 372
126 364
127 532
128 522
129 358
130 540
131 434
132 76
133 444
134 486
135 372
136 502
137 70
138 426
139 362
140 400
141 354
142 394
143 74
144 500
145 484
146 386
147 410
148 78
149 426
150 394
151 524
152 518
153 328
154 400
155 402
156 456
157 370
158 396
159 380
160 348
161 416
162 470
163 348
164 78
165 396
166 382
167 70
168 112
169 484
170 384
171 434
172 74
173 464
174 382
175 466
176 360
177 486
178 452
179 450
180 308
181 462
182 402
183 518
184 420
185 404
186 370
187 384
188 354
189 460
190 542
191 350
192 452
193 324
194 434
195 388
196 434
197 446
198 362
199 460
200 388
201 502
202 358
203 404
204 454
205 424
206 400
207 338
208 394
209 466
210 480
211 466
212 496
213 398
214 442
215 424
216 424
217 390
218 406
219 440
220 394
221 376
222 508
223 74
224 486
225 418
226 430
227 356
228 412
229 430
230 406
231 452
232 416
233 460
234 414
235 424
236 362
237 368
238 496
239 410
240 390
241 426
242 470
243 360
244 462
245 70
246 372
247 390
248 376
249 568
250 392
251 398
252 320
253 476
254 364
255 452
256 428
257 352
258 374
259 474
260 338
261 506
262 378
263 380
264 528
265 456
266 394
267 408
268 492
269 334
270 426
271 430
272 416
273 332
274 466
275 470
276 522
277 432
278 428
279 398
280 382
281 398
282 380
283 312
284 416
285 74
286 424
287 404
288 446
289 420
290 510
291 546
292 512
293 338
294 384
295 432
296 452
297 500
298 80
299 372
300 496
301 398
302 420
303 428
304 484
305 474
306 482
307 490
308 668
309 456
310 364
311 444
312 392
313 480
314 430
315 442
316 458
317 80
318 390
319 370
320 532
321 550
322 464
323 464
324 484
325 386
326 454
327 400
328 466
329 354
330 474
331 482
332 632
333 360
334 506
335 486
336 476
337 340
338 380
339 454
340 414
341 420
342 478
343 406
344 432
345 432
346 70
347 406
348 418
349 338
350 382
351 418
352 458
353 518
354 424
355 418
356 390
357 426
358 540
359 414
360 420
361 430
362 400
363 406
364 448
365 424
366 470
367 452
368 508
369 516
370 378
371 410
372 448
373 542
374 398
375 470
376 396
377 414
378 430
379 372
380 398
381 462
382 402
383 398
384 532
385 404
386 388
387 370
388 454
389 478
390 354
391 366
392 446
393 410
394 538
395 494
396 408
397 324
398 372
399 444
400 636
401 522
402 388
403 388
404 402
405 78
406 460
407 372
408 476
409 462
410 562
411 374
412 410
413 500
414 340
415 380
416 460
417 400
418 432
419 410
420 364
421 442
422 432
423 454
424 426
425 436
426 78
427 682
428 318
429 360
430 374
431 76
432 454
433 442
434 474
435 416
436 352
437 454
438 412
439 396
440 458
441 322
442 370
443 336
444 404
445 438
446 76
447 510
448 374
449 470
450 374
451 596
452 400
453 500
454 390
455 408
456 612
457 404
458 446
459 442
460 414
461 430
462 362
463 478
464 350
465 378
466 478
467 428
468 472
469 372
470 446
471 398
472 76
473 412
474 68
475 440
476 476
477 340
478 382
479 462
480 388
481 382
482 382
483 452
484 364
485 422
486 462
487 348
488 390
489 392
490 452
491 436
492 482
493 434
494 384
495 544
496 446
497 472
498 462
499 390
500 352
501 512
502 514
503 512
504 504
505 560
506 320
507 428
508 370
509 426
510 378
511 422
512 420
513 438
514 352
515 424
516 462
517 402
518 336
519 396
520 400
521 464
522 354
523 422
524 442
525 508
526 426
527 326
528 434
529 334
530 442
531 410
532 322
533 362
534 452
535 396
536 478
537 432
538 502
539 338
540 400
541 370
542 370
543 386
544 382
545 380
546 412
547 428
548 380
549 76
550 412
551 396
552 614
553 422
554 444
555 474
556 356
557 400
558 514
559 442
560 372
561 340
562 450
563 566
564 490
565 500
566 374
567 530
568 486
569 486
570 422
571 404
572 426
573 380
574 532
575 362
576 334
577 404
578 450
579 354
580 428
581 388
582 408
583 74
584 498
585 436
586 80
587 402
588 370
589 450
590 454
591 466
592 452
593 362
594 392
595 360
596 444
597 382
598 402
599 390
600 466
601 404
602 432
603 72
604 514
605 320
606 438
607 354
608 364
609 364
610 344
611 378
612 434
613 474
614 390
615 392
616 478
617 366
618 418
619 372
620 426
621 354
622 502
623 422
624 376
625 418
626 410
627 410
628 482
629 368
630 404
631 436
632 408
633 410
634 408
635 444
636 494
637 366
638 402
639 410
640 364
641 74
642 440
643 434
644 344
645 320
646 356
647 420
648 78
649 408
650 450
651 426
652 422
653 452
654 454
655 340
656 454
657 326
658 406
659 542
660 334
661 420
662 382
663 346
664 82
665 444
666 392
667 370
668 454
669 426
670 72
671 396
672 414
673 324
674 352
675 74
676 388
677 434
678 370
679 420
680 452
681 438
682 434
683 436
684 410
685 478
686 484
687 430
688 500
689 414
690 292
691 392
692 418
693 472
694 422
695 452
696 88
697 392
698 412
699 374
700 394
701 372
702 368
703 412
704 364
705 352
706 410
707 476
708 464
709 470
710 426
711 368
712 416
713 74
714 472
715 422
716 72
717 346
718 498
719 362
720 444
721 634
722 446
723 368
724 438
725 352
726 414
727 366
728 402
729 528
730 412
731 354
732 462
733 678
734 400
735 444
736 852
737 480
738 428
739 404
740 76
741 370
742 72
743 342
744 360
745 456
746 380
747 510
748 486
749 450
750 438
751 422
752 396
753 426
754 438
755 334
756 426
757 80
758 458
759 68
760 404
761 372
762 76
763 378
764 400
765 490
766 494
767 416
768 500
769 420
770 458
771 336
772 380
773 344
774 384
775 426
776 464
777 484
778 350
779 366
780 402
781 390
782 450
783 408
784 524
785 370
786 394
787 76
788 424
789 414
790 458
791 398
792 610
793 392
794 592
795 72
796 336
797 390
798 434
799 418
800 446
801 360
802 352
803 382
804 76
805 336
806 496
807 478
808 354
809 384
810 368
811 556
812 404
813 372
814 414
815 524
816 466
817 386
818 398
819 416
820 488
821 378
822 362
823 460
824 460
825 440
826 388
827 348
828 440
829 412
830 482
831 556
832 414
833 304
834 406
835 364
836 418
837 324
838 382
839 432
840 480
841 374
842 396
843 432
844 466
845 72
846 388
847 412
848 86
849 372
850 348
851 78
852 414
853 376
854 342
855 462
856 394
857 286
858 310
859 390
860 380
861 436
862 388
863 480
864 346
865 406
866 72
867 366
868 352
869 312
870 424
871 354
872 462
873 358
874 412
875 518
876 392
877 400
878 424
879 468
880 516
881 478
882 456
883 78
884 430
885 440
886 418
887 378
888 378
889 400
890 332
891 368
892 350
893 434
894 400
895 430
896 428
897 482
898 470
899 384
900 426
901 344
902 462
903 408
904 458
905 504
906 402
907 410
908 414
909 456
910 484
911 584
912 506
913 504
914 518
915 442
916 590
917 350
918 420
919 416
920 460
921 374
922 398
923 440
924 344
925 406
926 438
927 444
928 548
929 392
930 446
931 372
932 490
933 314
934 436
935 506
936 442
937 444
938 480
939 372
940 452
941 430
942 382
943 456
944 500
945 440
946 434
947 332
948 454
949 310
950 74
951 452
952 414
953 428
954 362
955 384
956 518
957 412
958 474
959 378
960 444
961 472
962 474
963 496
964 462
965 390
966 408
967 400
968 466
969 458
970 552
971 368
972 338
973 452
974 546
975 568
976 698
977 538
978 420
979 472
980 394
981 548
982 370
983 436
984 456
985 428
986 378
987 380
988 428
989 402
990 322
991 422
992 482
993 362
994 488
995 368
996 70
997 406
998 432
999 328
49 1 1 949
