0 36
1 308
2 326
3 306
4 320
5 322
6 298
7 406
8 328
9 306
10 360
11 348
12 380
13 368
14 320
15 478
16 50
17 304
18 410
19 296
20 352
21 440
22 364
23 310
24 310
25 342
26 376
27 366
28 54
29 362
30 298
31 316
32 372
33 576
34 424
35 350
36 354
37 312
38 334
39 372
40 418
41 384
42 318
43 320
44 348
45 314
46 378
47 312
48 340
49 392
50 368
51 352
52 296
53 346
54 400
55 378
56 362
57 394
58 412
59 306
60 350
61 382
62 358
63 308
64 516
65 338
66 326
67 306
68 368
69 334
70 314
71 314
72 356
73 412
74 356
75 378
76 322
77 326
78 374
79 338
80 326
81 336
82 322
83 304
84 350
85 356
86 304
87 348
88 474
89 364
90 346
91 370
92 416
93 350
94 360
95 260
96 334
97 314
98 308
99 344
100 318
101 336
102 344
103 310
104 420
105 78
106 328
107 312
108 398
109 328
110 330
111 346
112 304
113 398
114 274
115 358
116 268
117 76
118 420
119 364
120 324
121 364
122 346
123 344
124 294
125 326
126 318
127 390
128 366
129 364
130 358
131 256
132 348
133 302
134 334
135 398
136 440
137 278
138 344
139 418
140 346
141 350
142 340
143 408
144 332
145 332
146 352
147 304
148 300
149 332
150 390
151 370
152 526
153 304
154 292
155 394
156 318
157 342
158 346
159 302
160 416
161 382
162 328
163 290
164 342
165 336
166 328
167 328
168 354
169 302
170 394
171 308
172 332
173 330
174 364
175 280
176 384
177 476
178 368
179 376
180 316
181 298
182 324
183 374
184 338
185 352
186 276
187 310
188 300
189 328
190 330
191 384
192 390
193 394
194 338
195 350
196 336
197 384
198 394
199 340
200 336
201 322
202 268
203 334
204 368
205 334
206 398
207 342
208 370
209 346
210 318
211 336
212 326
213 358
214 300
215 352
216 364
217 320
218 316
219 340
220 328
221 324
222 368
223 330
224 370
225 346
226 426
227 332
228 374
229 428
230 304
231 314
232 470
233 390
234 344
235 70
236 326
237 354
238 362
239 68
240 312
241 74
242 340
243 330
244 324
245 334
246 408
247 438
248 318
249 256
250 448
251 324
252 364
253 328
254 316
255 320
256 326
257 384
258 454
259 400
260 414
261 354
262 250
263 468
264 314
265 306
266 354
267 326
268 332
269 408
270 378
271 316
272 342
273 406
274 342
275 336
276 398
277 332
278 320
279 346
280 326
281 274
282 328
283 374
284 348
285 334
286 356
287 360
288 492
289 300
290 282
291 356
292 376
293 354
294 328
295 272
296 390
297 366
298 368
299 332
300 448
301 330
302 380
303 394
304 316
305 342
306 352
307 288
308 342
309 384
310 78
311 394
312 368
313 326
314 342
315 358
316 76
317 314
318 372
319 322
320 360
321 354
322 336
323 314
324 326
325 296
326 356
327 330
328 384
329 318
330 316
331 352
332 350
333 258
334 356
335 344
336 336
337 344
338 322
339 262
340 268
341 416
342 342
343 376
344 384
345 358
346 304
347 380
348 336
349 356
350 392
351 312
352 346
353 360
354 300
355 432
356 344
357 342
358 282
359 356
360 318
361 366
362 378
363 414
364 338
365 72
366 352
367 322
368 448
369 336
370 270
371 340
372 382
373 288
374 318
375 264
376 320
377 302
378 332
379 336
380 260
381 410
382 348
383 348
384 320
385 356
386 358
387 360
388 318
389 334
390 350
391 326
392 342
393 76
394 374
395 356
396 326
397 278
398 328
399 318
400 328
401 330
402 358
403 310
404 290
405 294
406 394
407 440
408 310
409 82
410 294
411 336
412 394
413 334
414 344
415 248
416 348
417 320
418 358
419 340
420 424
421 314
422 382
423 72
424 362
425 396
426 358
427 348
428 370
429 346
430 358
431 70
432 390
433 352
434 344
435 322
436 384
437 334
438 402
439 276
440 340
441 360
442 362
443 368
444 488
445 264
446 348
447 374
448 328
449 284
450 280
451 388
452 348
453 428
454 300
455 326
456 328
457 316
458 308
459 332
460 314
461 394
462 348
463 322
464 378
465 322
466 368
467 326
468 350
469 348
470 316
471 368
472 400
473 338
474 308
475 340
476 374
477 298
478 308
479 364
480 346
481 422
482 402
483 350
484 304
485 268
486 288
487 364
488 344
489 342
490 310
491 338
492 268
493 432
494 304
495 378
496 380
497 450
498 342
499 368
500 352
501 70
502 376
503 370
504 420
505 342
506 326
507 340
508 368
509 286
510 316
511 348
512 470
513 336
514 344
515 320
516 300
517 398
518 412
519 316
520 374
521 68
522 400
523 346
524 318
525 310
526 390
527 302
528 310
529 336
530 366
531 386
532 328
533 324
534 316
535 352
536 398
537 382
538 324
539 356
540 294
541 346
542 340
543 400
544 290
545 342
546 312
547 306
548 392
549 318
550 316
551 468
552 520
553 342
554 336
555 300
556 356
557 346
558 416
559 266
560 440
561 290
562 336
563 380
564 320
565 326
566 370
567 374
568 326
569 324
570 338
571 380
572 382
573 344
574 322
575 302
576 370
577 364
578 268
579 368
580 74
581 344
582 364
583 254
584 358
585 332
586 254
587 340
588 364
589 354
590 342
591 308
592 362
593 434
594 352
595 312
596 362
597 338
598 552
599 390
600 328
601 312
602 374
603 336
604 350
605 376
606 370
607 374
608 324
609 308
610 348
611 324
612 340
613 318
614 318
615 314
616 296
617 336
618 404
619 332
620 380
621 338
622 338
623 414
624 468
625 322
626 336
627 350
628 340
629 308
630 338
631 370
632 394
633 356
634 314
635 362
636 80
637 292
638 320
639 348
640 382
641 382
642 348
643 346
644 322
645 468
646 350
647 318
648 290
649 266
650 356
651 70
652 334
653 278
654 394
655 292
656 414
657 382
658 318
659 344
660 308
661 332
662 366
663 334
664 372
665 422
666 78
667 308
668 290
669 308
670 334
671 388
672 322
673 312
674 326
675 348
676 450
677 368
678 362
679 330
680 408
681 428
682 342
683 342
684 246
685 466
686 320
687 318
688 350
689 334
690 422
691 322
692 326
693 378
694 300
695 270
696 384
697 324
698 398
699 322
700 350
701 360
702 70
703 362
704 366
705 326
706 380
707 370
708 330
709 372
710 320
711 368
712 340
713 354
714 300
715 402
716 316
717 322
718 334
719 356
720 354
721 380
722 346
723 318
724 314
725 320
726 342
727 378
728 362
729 354
730 332
731 366
732 328
733 348
734 374
735 356
736 374
737 342
738 368
739 386
740 330
741 334
742 68
743 322
744 362
745 384
746 354
747 440
748 356
749 528
750 346
751 358
752 302
753 330
754 352
755 308
756 348
757 354
758 360
759 344
760 392
761 390
762 332
763 346
764 382
765 308
766 434
767 374
768 326
769 326
770 256
771 296
772 334
773 322
774 270
775 338
776 310
777 342
778 74
779 424
780 286
781 364
782 298
783 362
784 322
785 426
786 322
787 440
788 298
789 338
790 384
791 364
792 336
793 356
794 370
795 402
796 266
797 366
798 344
799 252
800 330
801 334
802 254
803 412
804 302
805 266
806 354
807 394
808 520
809 316
810 320
811 308
812 326
813 392
814 338
815 320
816 344
817 422
818 352
819 342
820 310
821 372
822 324
823 316
824 388
825 384
826 246
827 372
828 338
829 306
830 360
831 348
832 350
833 368
834 260
835 270
836 294
837 448
838 320
839 456
840 322
841 328
842 336
843 314
844 352
845 380
846 432
847 318
848 340
849 372
850 368
851 304
852 340
853 434
854 352
855 340
856 338
857 330
858 324
859 354
860 320
861 426
862 308
863 368
864 424
865 334
866 402
867 300
868 382
869 396
870 336
871 422
872 416
873 340
874 408
875 324
876 352
877 300
878 298
879 316
880 312
881 358
882 356
883 350
884 306
885 362
886 302
887 352
888 322
889 332
890 388
891 360
892 350
893 408
894 308
895 434
896 340
897 338
898 264
899 314
900 368
901 366
902 324
903 346
904 338
905 322
906 318
907 364
908 332
909 348
910 370
911 296
912 300
913 334
914 334
915 328
916 342
917 348
918 368
919 304
920 370
921 350
922 350
923 318
924 374
925 338
926 282
927 368
928 372
929 358
930 318
931 426
932 332
933 344
934 318
935 260
936 372
937 310
938 440
939 340
940 310
941 330
942 342
943 350
944 358
945 328
946 326
947 350
948 352
949 308
950 254
951 312
952 384
953 338
954 350
955 342
956 312
957 368
958 348
959 342
960 450
961 314
962 330
963 334
964 322
965 322
966 362
967 312
968 310
969 322
970 340
971 320
972 70
973 368
974 350
975 284
976 352
977 70
978 328
979 314
980 350
981 278
982 328
983 446
984 380
985 328
986 318
987 246
988 330
989 336
990 318
991 320
992 324
993 442
994 332
995 364
996 306
997 336
998 422
999 454
26 24 0 950
