0 30
1 256
2 250
3 252
4 248
5 260
6 252
7 262
8 248
9 256
10 258
11 250
12 230
13 250
14 264
15 258
16 254
17 252
18 50
19 252
20 230
21 254
22 246
23 252
24 264
25 250
26 250
27 264
28 258
29 226
30 240
31 254
32 250
33 246
34 240
35 254
36 252
37 236
38 66
39 80
40 246
41 234
42 264
43 252
44 234
45 242
46 74
47 248
48 266
49 250
50 260
51 250
52 254
53 254
54 246
55 254
56 66
57 228
58 246
59 230
60 256
61 70
62 254
63 256
64 268
65 248
66 240
67 264
68 250
69 248
70 256
71 246
72 256
73 250
74 232
75 246
76 258
77 258
78 252
79 234
80 246
81 252
82 252
83 250
84 246
85 66
86 248
87 246
88 230
89 248
90 254
91 228
92 252
93 246
94 66
95 256
96 246
97 238
98 262
99 258
100 252
101 232
102 252
103 68
104 266
105 250
106 258
107 254
108 252
109 250
110 250
111 244
112 248
113 248
114 250
115 262
116 76
117 76
118 248
119 240
120 262
121 224
122 264
123 238
124 238
125 252
126 250
127 252
128 236
129 248
130 228
131 260
132 260
133 256
134 262
135 256
136 258
137 228
138 258
139 254
140 254
141 262
142 260
143 250
144 264
145 252
146 240
147 254
148 262
149 244
150 262
151 246
152 254
153 264
154 246
155 74
156 258
157 254
158 260
159 260
160 258
161 228
162 260
163 238
164 230
165 254
166 256
167 238
168 264
169 252
170 262
171 230
172 254
173 246
174 246
175 256
176 252
177 228
178 250
179 262
180 252
181 262
182 230
183 240
184 254
185 248
186 228
187 234
188 248
189 262
190 246
191 258
192 260
193 228
194 246
195 248
196 258
197 252
198 242
199 250
200 254
201 236
202 228
203 238
204 248
205 256
206 232
207 256
208 240
209 248
210 260
211 234
212 250
213 252
214 258
215 246
216 252
217 242
218 250
219 256
220 230
221 236
222 230
223 254
224 256
225 250
226 256
227 254
228 250
229 248
230 234
231 262
232 258
233 254
234 256
235 258
236 68
237 262
238 236
239 236
240 244
241 228
242 256
243 258
244 252
245 254
246 250
247 250
248 240
249 262
250 248
251 242
252 248
253 234
254 262
255 230
256 254
257 250
258 256
259 226
260 230
261 264
262 242
263 250
264 66
265 228
266 250
267 252
268 246
269 266
270 244
271 256
272 226
273 264
274 70
275 242
276 258
277 250
278 244
279 256
280 246
281 250
282 260
283 254
284 230
285 260
286 260
287 260
288 74
289 256
290 260
291 264
292 264
293 242
294 260
295 252
296 250
297 258
298 254
299 260
300 262
301 70
302 250
303 256
304 252
305 246
306 250
307 256
308 254
309 64
310 256
311 248
312 256
313 248
314 232
315 260
316 250
317 254
318 246
319 74
320 258
321 258
322 264
323 246
324 254
325 248
326 230
327 260
328 258
329 228
330 262
331 254
332 256
333 262
334 254
335 246
336 262
337 252
338 256
339 244
340 232
341 260
342 262
343 254
344 268
345 238
346 240
347 250
348 258
349 246
350 260
351 256
352 258
353 262
354 234
355 228
356 246
357 264
358 232
359 242
360 266
361 224
362 254
363 228
364 256
365 264
366 264
367 228
368 258
369 226
370 258
371 254
372 252
373 260
374 70
375 250
376 258
377 250
378 234
379 256
380 250
381 240
382 252
383 260
384 262
385 228
386 234
387 234
388 262
389 250
390 250
391 250
392 244
393 70
394 260
395 260
396 246
397 256
398 230
399 240
400 260
401 232
402 234
403 252
404 248
405 228
406 254
407 248
408 262
409 250
410 260
411 248
412 256
413 258
414 248
415 260
416 238
417 258
418 228
419 232
420 248
421 250
422 76
423 250
424 254
425 262
426 254
427 254
428 246
429 66
430 238
431 254
432 266
433 260
434 232
435 254
436 224
437 256
438 260
439 236
440 246
441 264
442 262
443 260
444 248
445 228
446 248
447 238
448 260
449 76
450 262
451 240
452 248
453 262
454 250
455 230
456 268
457 254
458 258
459 248
460 248
461 262
462 250
463 264
464 252
465 252
466 248
467 240
468 240
469 262
470 254
471 230
472 238
473 236
474 232
475 246
476 260
477 248
478 256
479 226
480 254
481 234
482 246
483 254
484 258
485 242
486 242
487 248
488 256
489 256
490 254
491 246
492 74
493 76
494 260
495 240
496 236
497 256
498 256
499 250
500 248
501 242
502 250
503 228
504 232
505 254
506 256
507 66
508 78
509 260
510 258
511 238
512 72
513 244
514 248
515 250
516 248
517 254
518 256
519 250
520 246
521 260
522 234
523 246
524 256
525 244
526 256
527 64
528 270
529 252
530 256
531 244
532 264
533 246
534 240
535 248
536 254
537 248
538 256
539 232
540 250
541 260
542 240
543 240
544 258
545 246
546 70
547 242
548 248
549 248
550 250
551 226
552 270
553 250
554 236
555 252
556 246
557 260
558 226
559 262
560 264
561 252
562 250
563 258
564 258
565 252
566 252
567 78
568 258
569 66
570 252
571 226
572 230
573 254
574 238
575 242
576 258
577 260
578 256
579 250
580 254
581 252
582 258
583 248
584 234
585 236
586 66
587 250
588 250
589 250
590 250
591 242
592 266
593 248
594 230
595 254
596 264
597 256
598 232
599 250
600 266
601 248
602 250
603 250
604 240
605 258
606 250
607 252
608 256
609 262
610 248
611 252
612 232
613 254
614 260
615 254
616 256
617 262
618 258
619 66
620 242
621 254
622 254
623 226
624 256
625 226
626 230
627 254
628 236
629 252
630 258
631 246
632 256
633 236
634 254
635 72
636 250
637 232
638 256
639 74
640 254
641 68
642 70
643 248
644 254
645 226
646 252
647 250
648 264
649 234
650 236
651 250
652 258
653 252
654 252
655 232
656 254
657 232
658 238
659 254
660 248
661 80
662 258
663 248
664 244
665 256
666 256
667 256
668 250
669 242
670 248
671 256
672 252
673 266
674 256
675 260
676 224
677 248
678 250
679 228
680 266
681 260
682 252
683 254
684 256
685 262
686 250
687 250
688 250
689 246
690 226
691 252
692 258
693 234
694 260
695 248
696 242
697 250
698 246
699 260
700 250
701 264
702 256
703 230
704 230
705 250
706 260
707 258
708 246
709 230
710 262
711 254
712 252
713 264
714 258
715 260
716 264
717 260
718 256
719 256
720 268
721 78
722 258
723 256
724 264
725 254
726 230
727 248
728 68
729 252
730 256
731 252
732 258
733 264
734 242
735 234
736 232
737 260
738 250
739 252
740 244
741 232
742 262
743 248
744 264
745 262
746 250
747 232
748 264
749 258
750 250
751 250
752 262
753 250
754 228
755 260
756 246
757 252
758 254
759 262
760 266
761 254
762 238
763 258
764 248
765 258
766 254
767 256
768 268
769 250
770 260
771 226
772 262
773 244
774 242
775 256
776 246
777 256
778 248
779 254
780 254
781 246
782 260
783 250
784 258
785 248
786 252
787 236
788 256
789 258
790 256
791 258
792 246
793 256
794 248
795 262
796 72
797 246
798 254
799 236
800 250
801 238
802 252
803 258
804 250
805 256
806 256
807 254
808 264
809 260
810 252
811 258
812 254
813 254
814 242
815 248
816 264
817 238
818 248
819 232
820 254
821 244
822 240
823 240
824 264
825 230
826 260
827 262
828 254
829 246
830 248
831 256
832 264
833 262
834 264
835 246
836 252
837 256
838 228
839 244
840 234
841 236
842 254
843 78
844 258
845 254
846 262
847 238
848 250
849 258
850 234
851 260
852 258
853 258
854 250
855 262
856 254
857 258
858 248
859 256
860 252
861 248
862 246
863 254
864 252
865 252
866 254
867 254
868 246
869 258
870 66
871 268
872 256
873 264
874 244
875 230
876 232
877 250
878 230
879 264
880 258
881 66
882 250
883 250
884 252
885 248
886 228
887 234
888 262
889 252
890 246
891 74
892 248
893 260
894 256
895 246
896 254
897 250
898 248
899 228
900 256
901 252
902 254
903 258
904 248
905 256
906 254
907 258
908 250
909 252
910 240
911 252
912 248
913 254
914 248
915 252
916 264
917 258
918 258
919 260
920 250
921 72
922 260
923 226
924 262
925 246
926 262
927 246
928 254
929 260
930 258
931 262
932 254
933 260
934 242
935 244
936 258
937 250
938 250
939 232
940 258
941 260
942 250
943 258
944 238
945 234
946 258
947 256
948 260
949 260
950 252
951 260
952 230
953 238
954 258
955 264
956 246
957 254
958 258
959 80
960 254
961 246
962 254
963 246
964 258
965 262
966 260
967 248
968 238
969 256
970 258
971 258
972 260
973 250
974 236
975 252
976 244
977 260
978 226
979 242
980 256
981 254
982 254
983 230
984 236
985 250
986 256
987 256
988 234
989 260
990 232
991 252
992 264
993 262
994 262
995 224
996 68
997 258
998 262
999 236
50 0 1 949
