0 32
1 50
2 260
3 260
4 234
5 254
6 262
7 254
8 48
9 262
10 250
11 234
12 232
13 246
14 252
15 264
16 254
17 228
18 254
19 48
20 246
21 230
22 224
23 246
24 240
25 258
26 246
27 224
28 226
29 250
30 256
31 246
32 238
33 236
34 238
35 250
36 246
37 1126
38 254
39 250
40 240
41 258
42 262
43 238
44 262
45 74
46 262
47 258
48 258
49 256
50 224
51 260
52 226
53 70
54 250
55 250
56 1464
57 234
58 246
59 244
60 80
61 248
62 248
63 250
64 268
65 246
66 236
67 236
68 258
69 250
70 264
71 256
72 252
73 252
74 250
75 226
76 244
77 262
78 258
79 248
80 238
81 260
82 244
83 262
84 256
85 250
86 248
87 246
88 254
89 254
90 260
91 236
92 70
93 254
94 262
95 244
96 230
97 258
98 254
99 246
100 234
101 228
102 246
103 260
104 242
105 238
106 250
107 262
108 254
109 74
110 260
111 260
112 260
113 230
114 264
115 260
116 254
117 244
118 264
119 248
120 1152
121 256
122 80
123 250
124 248
125 238
126 248
127 262
128 258
129 68
130 252
131 260
132 80
133 274
134 250
135 246
136 258
137 252
138 256
139 250
140 232
141 978
142 260
143 240
144 264
145 72
146 256
147 264
148 258
149 254
150 250
151 246
152 230
153 232
154 246
155 234
156 252
157 248
158 258
159 246
160 268
161 260
162 254
163 248
164 250
165 250
166 244
167 250
168 296
169 262
170 250
171 76
172 262
173 248
174 76
175 256
176 258
177 254
178 260
179 256
180 230
181 246
182 256
183 254
184 264
185 240
186 230
187 264
188 230
189 258
190 244
191 264
192 76
193 262
194 248
195 244
196 250
197 250
198 256
199 256
200 254
201 262
202 248
203 262
204 252
205 1214
206 254
207 252
208 260
209 250
210 240
211 230
212 248
213 246
214 262
215 254
216 258
217 262
218 260
219 238
220 246
221 256
222 264
223 250
224 1102
225 260
226 256
227 246
228 254
229 248
230 254
231 226
232 250
233 226
234 260
235 228
236 256
237 70
238 262
239 236
240 240
241 254
242 72
243 258
244 236
245 258
246 228
247 228
248 262
249 258
250 260
251 252
252 238
253 258
254 246
255 236
256 232
257 240
258 258
259 230
260 254
261 264
262 254
263 254
264 64
265 258
266 254
267 262
268 76
269 248
270 252
271 238
272 266
273 240
274 234
275 250
276 248
277 230
278 252
279 260
280 266
281 246
282 256
283 264
284 246
285 248
286 250
287 248
288 254
289 1222
290 254
291 244
292 250
293 248
294 262
295 250
296 84
297 256
298 236
299 250
300 244
301 260
302 260
303 252
304 264
305 248
306 256
307 262
308 258
309 248
310 248
311 258
312 232
313 248
314 252
315 244
316 244
317 250
318 248
319 236
320 78
321 256
322 244
323 256
324 250
325 260
326 260
327 250
328 254
329 246
330 250
331 258
332 254
333 250
334 234
335 260
336 256
337 248
338 262
339 80
340 254
341 224
342 248
343 242
344 238
345 258
346 232
347 246
348 258
349 262
350 250
351 254
352 244
353 248
354 258
355 254
356 238
357 238
358 230
359 248
360 254
361 246
362 254
363 248
364 264
365 262
366 258
367 254
368 254
369 234
370 256
371 252
372 256
373 232
374 248
375 252
376 232
377 240
378 246
379 258
380 258
381 260
382 256
383 238
384 262
385 256
386 248
387 250
388 262
389 252
390 264
391 258
392 230
393 1102
394 256
395 226
396 248
397 260
398 260
399 226
400 260
401 230
402 238
403 252
404 256
405 258
406 74
407 260
408 264
409 242
410 254
411 242
412 254
413 226
414 240
415 254
416 256
417 236
418 246
419 254
420 242
421 238
422 260
423 256
424 256
425 246
426 224
427 230
428 256
429 250
430 72
431 244
432 260
433 246
434 254
435 258
436 80
437 248
438 234
439 236
440 70
441 254
442 262
443 254
444 250
445 254
446 262
447 252
448 250
449 258
450 254
451 252
452 244
453 256
454 224
455 256
456 260
457 250
458 256
459 252
460 524
461 260
462 248
463 232
464 224
465 234
466 252
467 226
468 246
469 254
470 256
471 260
472 242
473 242
474 256
475 262
476 252
477 252
478 1454
479 242
480 252
481 246
482 264
483 254
484 254
485 232
486 250
487 232
488 246
489 250
490 246
491 262
492 256
493 236
494 246
495 262
496 268
497 264
498 228
499 246
500 250
501 250
502 258
503 252
504 254
505 260
506 258
507 254
508 228
509 246
510 262
511 256
512 252
513 242
514 256
515 248
516 254
517 246
518 252
519 230
520 266
521 252
522 234
523 246
524 226
525 250
526 246
527 238
528 244
529 258
530 234
531 244
532 246
533 246
534 234
535 226
536 242
537 254
538 258
539 240
540 1372
541 262
542 262
543 246
544 266
545 260
546 242
547 258
548 254
549 246
550 230
551 232
552 258
553 80
554 74
555 248
556 260
557 256
558 244
559 1442
560 262
561 254
562 240
563 264
564 258
565 258
566 226
567 262
568 260
569 250
570 258
571 240
572 240
573 254
574 256
575 242
576 232
577 254
578 74
579 252
580 246
581 238
582 224
583 258
584 252
585 256
586 242
587 230
588 230
589 246
590 260
591 246
592 264
593 256
594 246
595 248
596 254
597 228
598 262
599 248
600 256
601 258
602 258
603 236
604 256
605 250
606 248
607 262
608 72
609 246
610 238
611 258
612 248
613 250
614 252
615 244
616 254
617 250
618 260
619 250
620 222
621 238
622 258
623 1076
624 254
625 248
626 246
627 74
628 232
629 240
630 248
631 258
632 248
633 228
634 238
635 248
636 234
637 240
638 254
639 262
640 266
641 258
642 1358
643 264
644 248
645 264
646 252
647 260
648 82
649 246
650 250
651 258
652 224
653 254
654 248
655 260
656 248
657 248
658 254
659 230
660 248
661 244
662 254
663 64
664 240
665 244
666 246
667 258
668 246
669 226
670 226
671 248
672 250
673 248
674 72
675 242
676 258
677 252
678 254
679 250
680 288
681 256
682 240
683 254
684 260
685 232
686 262
687 80
688 260
689 258
690 226
691 262
692 250
693 258
694 254
695 80
696 262
697 250
698 258
699 248
700 230
701 262
702 76
703 256
704 254
705 234
706 250
707 262
708 228
709 906
710 242
711 252
712 70
713 244
714 260
715 254
716 256
717 226
718 244
719 260
720 238
721 252
722 260
723 256
724 250
725 248
726 234
727 226
728 1462
729 236
730 250
731 252
732 248
733 260
734 260
735 248
736 254
737 236
738 246
739 234
740 240
741 66
742 264
743 258
744 256
745 254
746 260
747 240
748 232
749 254
750 250
751 260
752 248
753 256
754 262
755 258
756 248
757 244
758 264
759 264
760 244
761 248
762 246
763 260
764 258
765 260
766 260
767 252
768 250
769 254
770 262
771 262
772 70
773 246
774 262
775 238
776 250
777 64
778 256
779 250
780 244
781 260
782 242
783 228
784 246
785 260
786 244
787 258
788 256
789 258
790 260
791 1428
792 254
793 250
794 236
795 250
796 238
797 250
798 230
799 258
800 266
801 256
802 252
803 232
804 258
805 254
806 260
807 260
808 254
809 250
810 1168
811 252
812 264
813 256
814 236
815 236
816 236
817 242
818 258
819 76
820 232
821 256
822 226
823 238
824 258
825 256
826 246
827 262
828 248
829 254
830 250
831 248
832 252
833 240
834 256
835 224
836 256
837 242
838 244
839 250
840 268
841 262
842 244
843 246
844 262
845 232
846 254
847 242
848 254
849 250
850 262
851 260
852 234
853 260
854 248
855 250
856 256
857 260
858 264
859 256
860 260
861 254
862 258
863 258
864 254
865 264
866 260
867 254
868 262
869 240
870 260
871 244
872 256
873 1026
874 232
875 264
876 246
877 256
878 246
879 250
880 242
881 254
882 248
883 258
884 246
885 258
886 246
887 252
888 238
889 246
890 260
891 244
892 1116
893 234
894 244
895 252
896 266
897 260
898 260
899 258
900 224
901 224
902 260
903 232
904 258
905 260
906 244
907 258
908 254
909 232
910 250
911 248
912 234
913 262
914 256
915 234
916 252
917 248
918 248
919 252
920 256
921 234
922 254
923 256
924 250
925 256
926 256
927 254
928 252
929 258
930 262
931 226
932 244
933 264
934 226
935 250
936 246
937 64
938 260
939 254
940 256
941 264
942 250
943 250
944 274
945 244
946 250
947 246
948 250
949 250
950 262
951 256
952 264
953 248
954 1428
955 264
956 230
957 238
958 250
959 264
960 260
961 224
962 236
963 256
964 236
965 248
966 262
967 228
968 252
969 254
970 232
971 260
972 248
973 256
974 854
975 230
976 256
977 248
978 258
979 230
980 262
981 242
982 248
983 228
984 234
985 236
986 260
987 254
988 224
989 262
990 256
991 250
992 262
993 264
994 252
995 264
996 250
997 224
998 256
999 256
43 7 1 949
