0 44
1 268
2 276
3 272
4 264
5 272
6 266
7 66
8 274
9 246
10 282
11 276
12 268
13 66
14 274
15 276
16 278
17 258
18 278
19 266
20 258
21 272
22 266
23 276
24 290
25 250
26 86
27 290
28 268
29 272
30 264
31 252
32 264
33 66
34 270
35 254
36 282
37 278
38 270
39 266
40 262
41 270
42 268
43 266
44 286
45 70
46 272
47 266
48 278
49 270
50 272
51 280
52 266
53 262
54 266
55 260
56 280
57 254
58 246
59 268
60 246
61 256
62 276
63 282
64 290
65 262
66 264
67 278
68 266
69 102
70 266
71 282
72 268
73 260
74 274
75 270
76 92
77 100
78 280
79 260
80 290
81 268
82 296
83 270
84 270
85 248
86 278
87 252
88 292
89 282
90 260
91 268
92 262
93 282
94 274
95 270
96 280
97 274
98 264
99 264
100 270
101 274
102 268
103 278
104 270
105 260
106 274
107 250
108 294
109 266
110 274
111 284
112 276
113 284
114 254
115 280
116 276
117 266
118 276
119 256
120 274
121 106
122 284
123 266
124 98
125 262
126 274
127 268
128 264
129 256
130 278
131 246
132 294
133 272
134 286
135 266
136 280
137 296
138 252
139 278
140 276
141 270
142 270
143 262
144 282
145 270
146 294
147 292
148 268
149 274
150 272
151 290
152 288
153 286
154 272
155 262
156 278
157 276
158 272
159 248
160 290
161 266
162 276
163 268
164 274
165 268
166 264
167 274
168 320
169 266
170 270
171 278
172 274
173 276
174 268
175 260
176 296
177 270
178 246
179 266
180 288
181 274
182 278
183 280
184 284
185 270
186 268
187 288
188 268
189 92
190 270
191 284
192 270
193 268
194 272
195 274
196 258
197 270
198 252
199 272
200 290
201 254
202 292
203 258
204 276
205 286
206 268
207 278
208 270
209 278
210 282
211 270
212 270
213 278
214 274
215 288
216 280
217 252
218 272
219 264
220 268
221 274
222 274
223 252
224 286
225 290
226 264
227 264
228 252
229 284
230 274
231 250
232 284
233 278
234 280
235 278
236 256
237 286
238 274
239 260
240 286
241 270
242 250
243 266
244 98
245 268
246 286
247 272
248 290
249 288
250 280
251 272
252 268
253 238
254 270
255 240
256 286
257 284
258 262
259 276
260 264
261 88
262 272
263 288
264 268
265 250
266 274
267 80
268 260
269 276
270 264
271 276
272 286
273 274
274 252
275 94
276 270
277 286
278 250
279 266
280 274
281 246
282 262
283 280
284 296
285 260
286 262
287 274
288 276
289 260
290 284
291 280
292 252
293 246
294 278
295 274
296 272
297 276
298 270
299 256
300 280
301 286
302 272
303 272
304 268
305 266
306 96
307 264
308 284
309 106
310 262
311 254
312 278
313 276
314 262
315 282
316 284
317 282
318 268
319 276
320 278
321 244
322 256
323 272
324 290
325 270
326 284
327 272
328 272
329 274
330 254
331 276
332 278
333 252
334 286
335 272
336 284
337 242
338 256
339 272
340 276
341 270
342 280
343 258
344 282
345 280
346 284
347 264
348 276
349 276
350 268
351 284
352 264
353 276
354 280
355 264
356 260
357 250
358 90
359 272
360 276
361 274
362 254
363 264
364 290
365 264
366 244
367 264
368 272
369 248
370 276
371 260
372 272
373 290
374 262
375 274
376 300
377 276
378 300
379 294
380 286
381 280
382 256
383 268
384 280
385 250
386 284
387 280
388 266
389 262
390 264
391 258
392 276
393 258
394 278
395 266
396 250
397 290
398 262
399 274
400 290
401 274
402 276
403 268
404 260
405 270
406 266
407 284
408 276
409 270
410 272
411 94
412 274
413 280
414 294
415 286
416 290
417 282
418 272
419 272
420 250
421 270
422 272
423 264
424 278
425 258
426 274
427 272
428 270
429 256
430 256
431 254
432 284
433 270
434 282
435 256
436 276
437 260
438 268
439 252
440 292
441 266
442 272
443 274
444 274
445 270
446 294
447 272
448 286
449 254
450 274
451 266
452 278
453 286
454 268
455 264
456 286
457 262
458 274
459 264
460 280
461 276
462 284
463 266
464 292
465 276
466 260
467 270
468 284
469 270
470 284
471 254
472 292
473 294
474 272
475 262
476 268
477 288
478 268
479 272
480 282
481 266
482 282
483 276
484 272
485 276
486 290
487 278
488 286
489 282
490 268
491 262
492 274
493 266
494 276
495 246
496 290
497 292
498 262
499 260
500 266
501 276
502 276
503 280
504 254
505 250
506 282
507 276
508 268
509 270
510 274
511 282
512 276
513 268
514 258
515 256
516 270
517 248
518 248
519 274
520 280
521 290
522 268
523 268
524 286
525 282
526 290
527 260
528 258
529 266
530 284
531 272
532 274
533 268
534 276
535 280
536 254
537 270
538 280
539 278
540 262
541 290
542 290
543 252
544 256
545 266
546 282
547 270
548 264
549 268
550 96
551 96
552 278
553 270
554 262
555 286
556 278
557 282
558 270
559 286
560 270
561 270
562 266
563 252
564 278
565 284
566 254
567 280
568 278
569 262
570 292
571 284
572 276
573 264
574 278
575 284
576 264
577 262
578 252
579 284
580 284
581 104
582 276
583 270
584 290
585 260
586 286
587 270
588 262
589 284
590 102
591 286
592 274
593 274
594 264
595 272
596 262
597 262
598 280
599 264
600 296
601 278
602 262
603 240
604 260
605 240
606 280
607 276
608 282
609 262
610 240
611 272
612 276
613 272
614 258
615 264
616 270
617 264
618 290
619 276
620 260
621 256
622 278
623 250
624 118
625 278
626 268
627 272
628 284
629 276
630 278
631 272
632 272
633 278
634 294
635 254
636 284
637 276
638 270
639 270
640 290
641 256
642 256
643 246
644 264
645 284
646 264
647 256
648 276
649 266
650 276
651 282
652 276
653 288
654 266
655 262
656 288
657 270
658 284
659 278
660 288
661 288
662 250
663 268
664 288
665 270
666 272
667 246
668 262
669 292
670 280
671 276
672 276
673 278
674 278
675 248
676 278
677 284
678 250
679 272
680 314
681 252
682 266
683 274
684 274
685 282
686 274
687 290
688 272
689 270
690 262
691 270
692 286
693 260
694 264
695 290
696 270
697 286
698 276
699 252
700 260
701 266
702 260
703 282
704 286
705 282
706 252
707 268
708 262
709 288
710 272
711 276
712 254
713 270
714 268
715 274
716 250
717 268
718 270
719 250
720 284
721 280
722 272
723 264
724 278
725 256
726 284
727 280
728 274
729 278
730 286
731 260
732 276
733 260
734 272
735 272
736 268
737 92
738 272
739 276
740 280
741 284
742 276
743 288
744 292
745 256
746 276
747 276
748 272
749 270
750 248
751 250
752 288
753 256
754 260
755 260
756 278
757 266
758 276
759 262
760 282
761 264
762 280
763 280
764 278
765 272
766 250
767 260
768 250
769 270
770 276
771 286
772 270
773 246
774 264
775 278
776 254
777 274
778 270
779 262
780 250
781 274
782 268
783 262
784 270
785 278
786 276
787 268
788 262
789 258
790 280
791 254
792 268
793 262
794 272
795 272
796 252
797 274
798 276
799 244
800 306
801 240
802 278
803 272
804 270
805 288
806 266
807 274
808 270
809 286
810 288
811 282
812 290
813 280
814 304
815 274
816 276
817 286
818 274
819 276
820 288
821 274
822 288
823 256
824 272
825 290
826 242
827 274
828 266
829 256
830 266
831 282
832 282
833 282
834 288
835 280
836 246
837 272
838 284
839 266
840 258
841 270
842 276
843 284
844 270
845 286
846 274
847 264
848 270
849 268
850 272
851 284
852 278
853 268
854 272
855 272
856 290
857 280
858 284
859 286
860 264
861 276
862 272
863 282
864 280
865 262
866 276
867 262
868 256
869 252
870 258
871 262
872 282
873 280
874 276
875 256
876 276
877 280
878 272
879 260
880 286
881 242
882 296
883 276
884 272
885 304
886 268
887 286
888 284
889 284
890 260
891 266
892 278
893 254
894 270
895 270
896 272
897 254
898 264
899 278
900 278
901 278
902 294
903 284
904 290
905 274
906 254
907 260
908 266
909 280
910 274
911 278
912 280
913 278
914 288
915 278
916 272
917 280
918 288
919 280
920 286
921 262
922 266
923 276
924 272
925 264
926 280
927 284
928 304
929 276
930 276
931 276
932 272
933 272
934 258
935 278
936 278
937 252
938 278
939 288
940 266
941 266
942 276
943 260
944 294
945 280
946 104
947 274
948 272
949 282
950 250
951 276
952 272
953 276
954 284
955 238
956 274
957 286
958 278
959 276
960 292
961 264
962 264
963 282
964 280
965 278
966 296
967 278
968 284
969 272
970 272
971 280
972 280
973 270
974 280
975 260
976 294
977 254
978 278
979 260
980 240
981 278
982 286
983 274
984 248
985 270
986 270
987 274
988 246
989 254
990 248
991 260
992 266
993 282
994 280
995 282
996 264
997 274
998 274
999 264
26 24 1 949
