0 46
1 278
2 274
3 274
4 284
5 262
6 286
7 258
8 284
9 278
10 288
11 282
12 280
13 68
14 280
15 286
16 290
17 262
18 284
19 268
20 284
21 278
22 98
23 280
24 266
25 290
26 282
27 280
28 280
29 254
30 282
31 284
32 288
33 288
34 292
35 280
36 286
37 298
38 294
39 282
40 290
41 270
42 292
43 282
44 284
45 284
46 110
47 88
48 286
49 284
50 256
51 286
52 282
53 288
54 284
55 292
56 268
57 282
58 268
59 276
60 266
61 260
62 286
63 284
64 290
65 288
66 262
67 262
68 290
69 288
70 270
71 282
72 280
73 278
74 262
75 280
76 278
77 276
78 276
79 274
80 292
81 260
82 280
83 278
84 260
85 90
86 280
87 256
88 294
89 274
90 280
91 280
92 274
93 276
94 276
95 268
96 94
97 294
98 274
99 280
100 280
101 280
102 282
103 286
104 304
105 276
106 282
107 280
108 278
109 276
110 280
111 258
112 286
113 276
114 282
115 260
116 254
117 266
118 276
119 278
120 288
121 276
122 284
123 262
124 272
125 260
126 286
127 280
128 280
129 286
130 286
131 292
132 280
133 284
134 106
135 254
136 286
137 294
138 284
139 286
140 290
141 280
142 278
143 274
144 268
145 282
146 260
147 280
148 276
149 260
150 258
151 280
152 272
153 268
154 290
155 272
156 286
157 286
158 274
159 270
160 274
161 286
162 290
163 268
164 282
165 262
166 280
167 286
168 322
169 266
170 288
171 260
172 262
173 96
174 278
175 276
176 272
177 282
178 282
179 288
180 288
181 284
182 284
183 276
184 300
185 284
186 278
187 286
188 268
189 298
190 278
191 76
192 292
193 282
194 262
195 278
196 278
197 280
198 258
199 280
200 264
201 280
202 258
203 278
204 278
205 302
206 284
207 278
208 286
209 254
210 268
211 288
212 274
213 82
214 282
215 274
216 282
217 254
218 280
219 276
220 254
221 278
222 276
223 278
224 288
225 276
226 260
227 82
228 278
229 262
230 276
231 260
232 282
233 274
234 276
235 262
236 268
237 256
238 278
239 282
240 294
241 288
242 258
243 274
244 278
245 280
246 272
247 284
248 288
249 292
250 284
251 274
252 266
253 258
254 292
255 282
256 282
257 260
258 88
259 262
260 284
261 284
262 266
263 286
264 288
265 258
266 260
267 282
268 286
269 260
270 284
271 282
272 274
273 280
274 278
275 292
276 284
277 282
278 288
279 284
280 290
281 292
282 290
283 282
284 290
285 282
286 284
287 288
288 298
289 280
290 256
291 278
292 260
293 266
294 98
295 276
296 290
297 268
298 288
299 282
300 290
301 286
302 276
303 284
304 298
305 282
306 292
307 278
308 282
309 282
310 266
311 254
312 284
313 270
314 278
315 282
316 292
317 280
318 266
319 288
320 292
321 284
322 260
323 256
324 284
325 294
326 276
327 276
328 268
329 80
330 264
331 286
332 280
333 258
334 276
335 276
336 288
337 282
338 256
339 286
340 280
341 252
342 256
343 82
344 294
345 282
346 84
347 256
348 282
349 274
350 278
351 274
352 284
353 280
354 286
355 278
356 284
357 284
358 282
359 278
360 276
361 260
362 284
363 272
364 282
365 280
366 276
367 280
368 288
369 262
370 282
371 278
372 256
373 258
374 280
375 94
376 286
377 284
378 288
379 84
380 288
381 276
382 260
383 292
384 300
385 282
386 284
387 280
388 268
389 272
390 280
391 290
392 284
393 278
394 278
395 256
396 282
397 290
398 284
399 280
400 276
401 270
402 284
403 264
404 292
405 276
406 262
407 290
408 292
409 290
410 262
411 304
412 284
413 292
414 282
415 282
416 284
417 282
418 286
419 268
420 288
421 288
422 284
423 286
424 270
425 276
426 280
427 262
428 284
429 286
430 290
431 278
432 274
433 282
434 282
435 288
436 258
437 280
438 266
439 258
440 96
441 276
442 282
443 282
444 282
445 284
446 288
447 260
448 292
449 276
450 282
451 288
452 104
453 100
454 278
455 280
456 264
457 272
458 280
459 298
460 266
461 262
462 276
463 276
464 282
465 254
466 276
467 256
468 278
469 278
470 286
471 284
472 296
473 266
474 276
475 258
476 102
477 284
478 298
479 80
480 284
481 104
482 276
483 278
484 286
485 282
486 276
487 298
488 296
489 266
490 292
491 282
492 264
493 288
494 260
495 276
496 292
497 282
498 268
499 264
500 252
501 282
502 278
503 280
504 266
505 280
506 280
507 252
508 256
509 92
510 280
511 282
512 282
513 284
514 292
515 286
516 280
517 284
518 258
519 278
520 284
521 278
522 290
523 274
524 256
525 290
526 284
527 268
528 296
529 282
530 290
531 286
532 282
533 280
534 278
535 280
536 266
537 290
538 286
539 284
540 278
541 278
542 280
543 254
544 288
545 276
546 254
547 282
548 86
549 284
550 274
551 256
552 266
553 92
554 286
555 278
556 106
557 276
558 258
559 278
560 288
561 282
562 284
563 280
564 256
565 280
566 264
567 282
568 90
569 284
570 286
571 278
572 290
573 276
574 288
575 264
576 286
577 282
578 258
579 282
580 282
581 90
582 290
583 94
584 292
585 292
586 258
587 272
588 260
589 278
590 278
591 282
592 286
593 278
594 272
595 274
596 276
597 276
598 278
599 262
600 284
601 278
602 258
603 280
604 276
605 278
606 258
607 256
608 290
609 278
610 278
611 288
612 290
613 290
614 264
615 274
616 284
617 266
618 280
619 282
620 284
621 280
622 282
623 284
624 286
625 274
626 280
627 286
628 254
629 286
630 268
631 274
632 286
633 256
634 262
635 276
636 276
637 284
638 262
639 296
640 270
641 280
642 274
643 276
644 280
645 288
646 280
647 274
648 96
649 278
650 262
651 286
652 290
653 274
654 282
655 292
656 270
657 96
658 290
659 282
660 282
661 282
662 282
663 280
664 294
665 290
666 278
667 268
668 270
669 282
670 112
671 276
672 292
673 280
674 288
675 286
676 282
677 284
678 282
679 278
680 318
681 280
682 272
683 284
684 288
685 282
686 94
687 282
688 284
689 286
690 274
691 288
692 268
693 286
694 260
695 280
696 282
697 284
698 260
699 284
700 256
701 286
702 280
703 274
704 94
705 94
706 276
707 276
708 258
709 282
710 272
711 274
712 282
713 260
714 276
715 292
716 278
717 278
718 282
719 284
720 290
721 280
722 252
723 274
724 280
725 268
726 302
727 278
728 296
729 278
730 276
731 292
732 260
733 266
734 264
735 284
736 290
737 280
738 282
739 288
740 278
741 286
742 286
743 272
744 288
745 274
746 276
747 90
748 262
749 98
750 276
751 274
752 284
753 274
754 256
755 262
756 290
757 276
758 286
759 278
760 282
761 258
762 260
763 274
764 282
765 276
766 258
767 258
768 286
769 278
770 284
771 288
772 280
773 300
774 256
775 282
776 296
777 288
778 284
779 258
780 286
781 264
782 280
783 284
784 292
785 284
786 262
787 278
788 262
789 288
790 280
791 280
792 268
793 92
794 280
795 276
796 282
797 280
798 278
799 280
800 266
801 278
802 286
803 268
804 260
805 280
806 262
807 292
808 98
809 288
810 276
811 282
812 284
813 284
814 286
815 282
816 296
817 284
818 286
819 266
820 282
821 264
822 294
823 260
824 264
825 278
826 284
827 280
828 258
829 288
830 278
831 282
832 262
833 254
834 254
835 254
836 254
837 280
838 90
839 280
840 268
841 258
842 278
843 276
844 258
845 276
846 284
847 260
848 268
849 284
850 288
851 282
852 276
853 256
854 288
855 282
856 274
857 278
858 100
859 286
860 286
861 284
862 284
863 280
864 106
865 272
866 104
867 286
868 276
869 276
870 280
871 286
872 284
873 256
874 258
875 260
876 272
877 260
878 282
879 280
880 100
881 278
882 278
883 280
884 284
885 258
886 260
887 254
888 282
889 276
890 258
891 274
892 278
893 260
894 256
895 280
896 284
897 276
898 286
899 262
900 252
901 258
902 280
903 262
904 288
905 280
906 296
907 276
908 284
909 258
910 278
911 266
912 266
913 278
914 282
915 286
916 282
917 286
918 262
919 282
920 96
921 278
922 284
923 278
924 280
925 288
926 282
927 288
928 280
929 280
930 276
931 282
932 278
933 264
934 296
935 282
936 266
937 258
938 262
939 258
940 258
941 282
942 258
943 270
944 292
945 278
946 278
947 260
948 94
949 278
950 276
951 258
952 256
953 276
954 284
955 94
956 274
957 276
958 258
959 276
960 284
961 276
962 278
963 280
964 280
965 256
966 276
967 254
968 260
969 278
970 276
971 276
972 284
973 282
974 280
975 278
976 288
977 278
978 262
979 268
980 302
981 282
982 258
983 94
984 284
985 290
986 278
987 266
988 296
989 286
990 280
991 288
992 276
993 284
994 282
995 266
996 282
997 278
998 290
999 260
48 2 1 949
