0 44
1 286
2 92
3 110
4 272
5 252
6 284
7 284
8 276
9 292
10 68
11 276
12 284
13 272
14 254
15 296
16 298
17 272
18 90
19 98
20 294
21 268
22 286
23 292
24 268
25 284
26 248
27 276
28 278
29 278
30 280
31 296
32 278
33 286
34 266
35 286
36 286
37 274
38 286
39 254
40 300
41 270
42 290
43 268
44 292
45 286
46 294
47 286
48 298
49 288
50 284
51 264
52 288
53 274
54 270
55 290
56 270
57 270
58 292
59 284
60 278
61 276
62 268
63 260
64 286
65 248
66 264
67 252
68 290
69 258
70 292
71 264
72 276
73 86
74 292
75 264
76 288
77 270
78 250
79 290
80 318
81 294
82 288
83 282
84 266
85 270
86 290
87 288
88 302
89 266
90 280
91 290
92 282
93 264
94 284
95 262
96 290
97 288
98 100
99 290
100 286
101 286
102 268
103 280
104 286
105 280
106 244
107 284
108 252
109 272
110 270
111 274
112 302
113 270
114 268
115 286
116 288
117 272
118 280
119 292
120 288
121 296
122 270
123 266
124 260
125 274
126 270
127 250
128 300
129 284
130 88
131 292
132 288
133 290
134 254
135 270
136 300
137 276
138 288
139 292
140 290
141 256
142 278
143 276
144 282
145 294
146 272
147 276
148 288
149 252
150 282
151 274
152 272
153 288
154 270
155 264
156 288
157 284
158 264
159 274
160 272
161 294
162 284
163 280
164 264
165 280
166 282
167 102
168 324
169 100
170 290
171 102
172 294
173 276
174 294
175 278
176 286
177 288
178 250
179 282
180 272
181 288
182 272
183 284
184 108
185 276
186 288
187 292
188 288
189 262
190 288
191 108
192 282
193 280
194 254
195 282
196 270
197 278
198 268
199 288
200 298
201 284
202 278
203 274
204 262
205 276
206 290
207 270
208 284
209 286
210 260
211 274
212 252
213 272
214 284
215 282
216 314
217 286
218 270
219 288
220 274
221 266
222 256
223 280
224 258
225 270
226 98
227 286
228 274
229 270
230 284
231 276
232 288
233 264
234 260
235 278
236 276
237 108
238 102
239 278
240 284
241 282
242 254
243 268
244 290
245 278
246 276
247 286
248 296
249 96
250 292
251 268
252 292
253 270
254 288
255 272
256 288
257 274
258 292
259 278
260 288
261 276
262 274
263 294
264 266
265 292
266 284
267 292
268 270
269 250
270 264
271 282
272 280
273 274
274 92
275 286
276 286
277 286
278 286
279 274
280 292
281 274
282 286
283 262
284 256
285 248
286 270
287 286
288 332
289 272
290 268
291 290
292 272
293 280
294 288
295 272
296 306
297 276
298 304
299 294
300 288
301 246
302 274
303 286
304 300
305 290
306 274
307 476
308 282
309 282
310 276
311 280
312 292
313 284
314 286
315 254
316 260
317 274
318 286
319 282
320 288
321 276
322 264
323 284
324 278
325 278
326 256
327 276
328 276
329 292
330 268
331 292
332 280
333 96
334 276
335 276
336 120
337 288
338 288
339 262
340 286
341 272
342 278
343 274
344 104
345 284
346 282
347 252
348 278
349 280
350 276
351 250
352 280
353 292
354 254
355 260
356 284
357 282
358 282
359 282
360 288
361 280
362 258
363 280
364 278
365 252
366 276
367 274
368 298
369 268
370 276
371 270
372 284
373 256
374 266
375 282
376 436
377 280
378 288
379 252
380 256
381 274
382 286
383 296
384 284
385 110
386 282
387 270
388 280
389 270
390 288
391 284
392 294
393 274
394 290
395 252
396 262
397 296
398 264
399 282
400 282
401 276
402 260
403 270
404 280
405 278
406 286
407 282
408 278
409 286
410 280
411 106
412 290
413 274
414 278
415 256
416 256
417 274
418 274
419 270
420 282
421 104
422 280
423 264
424 294
425 286
426 276
427 270
428 276
429 270
430 292
431 280
432 294
433 278
434 248
435 260
436 266
437 280
438 254
439 282
440 280
441 296
442 272
443 278
444 288
445 290
446 284
447 272
448 296
449 292
450 252
451 294
452 252
453 272
454 272
455 278
456 286
457 276
458 98
459 286
460 286
461 274
462 270
463 104
464 268
465 294
466 278
467 292
468 274
469 294
470 288
471 276
472 288
473 280
474 278
475 274
476 292
477 292
478 294
479 270
480 304
481 280
482 256
483 256
484 282
485 270
486 280
487 276
488 266
489 290
490 258
491 282
492 286
493 282
494 284
495 284
496 294
497 96
498 294
499 264
500 272
501 270
502 278
503 288
504 276
505 274
506 278
507 280
508 290
509 280
510 296
511 264
512 280
513 286
514 300
515 286
516 286
517 290
518 288
519 276
520 274
521 284
522 278
523 280
524 284
525 282
526 292
527 272
528 282
529 286
530 258
531 294
532 274
533 292
534 290
535 276
536 300
537 280
538 272
539 284
540 284
541 288
542 292
543 270
544 288
545 270
546 288
547 254
548 264
549 278
550 280
551 286
552 102
553 278
554 280
555 270
556 270
557 254
558 280
559 290
560 292
561 272
562 276
563 278
564 274
565 274
566 276
567 280
568 290
569 292
570 284
571 274
572 262
573 286
574 280
575 282
576 282
577 274
578 282
579 258
580 288
581 282
582 262
583 254
584 298
585 268
586 272
587 280
588 272
589 292
590 270
591 272
592 290
593 264
594 272
595 288
596 288
597 258
598 280
599 274
600 290
601 274
602 288
603 276
604 272
605 278
606 288
607 292
608 272
609 290
610 284
611 288
612 276
613 286
614 274
615 264
616 282
617 272
618 276
619 286
620 280
621 290
622 282
623 292
624 286
625 266
626 272
627 286
628 262
629 266
630 280
631 94
632 302
633 254
634 278
635 260
636 292
637 294
638 264
639 286
640 278
641 288
642 290
643 280
644 284
645 250
646 278
647 276
648 286
649 256
650 270
651 286
652 286
653 278
654 280
655 102
656 280
657 288
658 284
659 276
660 290
661 274
662 284
663 276
664 280
665 262
666 276
667 276
668 274
669 272
670 288
671 290
672 278
673 278
674 260
675 268
676 274
677 284
678 274
679 284
680 328
681 282
682 270
683 276
684 262
685 278
686 270
687 252
688 102
689 272
690 270
691 106
692 108
693 284
694 284
695 266
696 116
697 268
698 256
699 262
700 264
701 274
702 270
703 286
704 278
705 278
706 286
707 108
708 286
709 282
710 286
711 266
712 282
713 272
714 276
715 276
716 284
717 278
718 274
719 276
720 298
721 250
722 252
723 262
724 286
725 286
726 274
727 274
728 296
729 294
730 284
731 248
732 100
733 288
734 280
735 286
736 284
737 284
738 280
739 282
740 276
741 254
742 266
743 278
744 334
745 294
746 280
747 290
748 292
749 276
750 294
751 272
752 298
753 278
754 98
755 288
756 286
757 88
758 272
759 278
760 292
761 288
762 276
763 276
764 90
765 278
766 270
767 290
768 290
769 98
770 284
771 282
772 292
773 290
774 272
775 280
776 98
777 286
778 278
779 278
780 276
781 270
782 94
783 276
784 258
785 268
786 290
787 290
788 278
789 278
790 276
791 280
792 296
793 274
794 274
795 254
796 272
797 92
798 274
799 254
800 284
801 266
802 456
803 288
804 292
805 282
806 272
807 276
808 270
809 282
810 272
811 274
812 282
813 288
814 274
815 282
816 296
817 284
818 280
819 280
820 270
821 286
822 282
823 292
824 280
825 272
826 272
827 272
828 276
829 290
830 266
831 276
832 262
833 274
834 286
835 274
836 278
837 274
838 276
839 294
840 290
841 90
842 274
843 280
844 282
845 262
846 272
847 288
848 296
849 274
850 282
851 280
852 276
853 272
854 276
855 284
856 284
857 250
858 260
859 272
860 282
861 288
862 276
863 262
864 270
865 262
866 284
867 264
868 288
869 266
870 286
871 282
872 288
873 276
874 276
875 272
876 282
877 286
878 248
879 288
880 288
881 252
882 254
883 252
884 250
885 260
886 288
887 272
888 296
889 292
890 274
891 86
892 282
893 290
894 252
895 268
896 284
897 290
898 280
899 268
900 284
901 274
902 288
903 276
904 286
905 284
906 292
907 272
908 264
909 282
910 262
911 270
912 280
913 284
914 274
915 288
916 274
917 268
918 100
919 292
920 286
921 100
922 276
923 286
924 278
925 254
926 252
927 272
928 258
929 290
930 284
931 282
932 290
933 284
934 106
935 274
936 288
937 104
938 292
939 292
940 286
941 282
942 280
943 282
944 282
945 278
946 270
947 256
948 252
949 268
950 270
951 264
952 280
953 270
954 262
955 274
956 1056
957 300
958 278
959 290
960 284
961 278
962 258
963 94
964 276
965 272
966 282
967 254
968 280
969 282
970 260
971 284
972 256
973 284
974 256
975 280
976 298
977 272
978 274
979 286
980 288
981 270
982 292
983 256
984 278
985 276
986 274
987 248
988 252
989 282
990 286
991 270
992 300
993 284
994 290
995 294
996 270
997 288
998 262
999 286
48 2 1 949
