0 62
1 352
2 140
3 332
4 324
5 344
6 338
7 334
8 328
9 324
10 336
11 336
12 344
13 336
14 332
15 324
16 324
17 352
18 344
19 324
20 324
21 326
22 322
23 324
24 318
25 322
26 320
27 346
28 350
29 344
30 324
31 96
32 324
33 334
34 328
35 322
36 322
37 342
38 342
39 342
40 348
41 326
42 334
43 336
44 326
45 340
46 344
47 310
48 336
49 350
50 350
51 350
52 354
53 334
54 340
55 344
56 330
57 144
58 344
59 334
60 324
61 352
62 344
63 160
64 332
65 334
66 328
67 356
68 330
69 356
70 332
71 320
72 352
73 350
74 360
75 314
76 358
77 320
78 974
79 354
80 354
81 320
82 352
83 344
84 330
85 354
86 298
87 342
88 340
89 330
90 344
91 354
92 342
93 338
94 320
95 360
96 360
97 326
98 336
99 346
100 344
101 356
102 350
103 324
104 336
105 362
106 354
107 324
108 158
109 354
110 324
111 344
112 130
113 148
114 344
115 328
116 342
117 338
118 350
119 326
120 360
121 324
122 334
123 336
124 326
125 326
126 356
127 340
128 334
129 340
130 340
131 342
132 326
133 330
134 332
135 342
136 140
137 320
138 342
139 298
140 344
141 324
142 346
143 320
144 338
145 334
146 344
147 334
148 322
149 350
150 326
151 344
152 344
153 304
154 328
155 140
156 328
157 340
158 302
159 318
160 340
161 348
162 318
163 336
164 330
165 350
166 320
167 334
168 430
169 306
170 342
171 348
172 332
173 340
174 318
175 340
176 330
177 334
178 354
179 326
180 326
181 342
182 340
183 340
184 352
185 334
186 328
187 334
188 350
189 350
190 322
191 326
192 338
193 354
194 340
195 340
196 334
197 346
198 346
199 356
200 354
201 342
202 358
203 334
204 324
205 344
206 344
207 320
208 320
209 314
210 314
211 348
212 148
213 350
214 344
215 156
216 362
217 350
218 358
219 350
220 358
221 344
222 316
223 336
224 352
225 328
226 344
227 338
228 342
229 354
230 320
231 296
232 342
233 140
234 336
235 326
236 340
237 304
238 330
239 152
240 330
241 336
242 346
243 332
244 340
245 342
246 304
247 300
248 364
249 334
250 342
251 330
252 320
253 326
254 326
255 318
256 336
257 148
258 332
259 338
260 332
261 350
262 332
263 300
264 334
265 326
266 340
267 330
268 340
269 312
270 350
271 328
272 324
273 348
274 354
275 346
276 340
277 322
278 344
279 346
280 354
281 360
282 348
283 338
284 338
285 352
286 158
287 302
288 328
289 350
290 332
291 348
292 338
293 326
294 336
295 354
296 360
297 306
298 324
299 354
300 334
301 340
302 332
303 354
304 328
305 336
306 330
307 320
308 326
309 336
310 354
311 314
312 336
313 332
314 140
315 366
316 332
317 324
318 320
319 150
320 140
321 340
322 352
323 328
324 328
325 348
326 330
327 344
328 344
329 330
330 302
331 354
332 330
333 340
334 346
335 336
336 334
337 150
338 324
339 350
340 350
341 322
342 340
343 320
344 338
345 332
346 334
347 334
348 344
349 332
350 320
351 310
352 356
353 314
354 352
355 340
356 322
357 320
358 332
359 352
360 334
361 354
362 314
363 156
364 324
365 342
366 324
367 356
368 348
369 326
370 130
371 318
372 330
373 158
374 330
375 334
376 324
377 342
378 352
379 322
380 332
381 332
382 328
383 134
384 354
385 322
386 334
387 320
388 344
389 350
390 340
391 330
392 330
393 320
394 340
395 342
396 322
397 356
398 334
399 340
400 310
401 334
402 300
403 346
404 338
405 134
406 350
407 340
408 336
409 328
410 322
411 330
412 352
413 356
414 336
415 340
416 352
417 332
418 336
419 310
420 346
421 352
422 330
423 338
424 362
425 330
426 320
427 356
428 146
429 348
430 352
431 344
432 338
433 320
434 336
435 352
436 354
437 320
438 322
439 340
440 350
441 342
442 130
443 354
444 322
445 352
446 336
447 332
448 342
449 338
450 334
451 340
452 338
453 344
454 320
455 336
456 328
457 340
458 324
459 336
460 350
461 322
462 342
463 354
464 332
465 340
466 332
467 350
468 338
469 332
470 358
471 352
472 330
473 338
474 334
475 338
476 324
477 344
478 322
479 356
480 330
481 350
482 330
483 152
484 320
485 326
486 338
487 138
488 330
489 322
490 358
491 348
492 330
493 350
494 324
495 350
496 356
497 320
498 330
499 318
500 358
501 338
502 334
503 346
504 356
505 338
506 340
507 334
508 344
509 332
510 350
511 326
512 356
513 128
514 322
515 344
516 350
517 354
518 352
519 334
520 322
521 326
522 356
523 350
524 326
525 132
526 348
527 322
528 354
529 138
530 348
531 358
532 346
533 350
534 130
535 334
536 330
537 352
538 356
539 324
540 158
541 354
542 344
543 358
544 360
545 342
546 340
547 332
548 350
549 336
550 350
551 342
552 350
553 332
554 352
555 338
556 362
557 336
558 350
559 344
560 344
561 322
562 342
563 358
564 324
565 312
566 342
567 354
568 354
569 332
570 342
571 344
572 330
573 354
574 356
575 304
576 338
577 350
578 344
579 324
580 342
581 350
582 342
583 344
584 360
585 352
586 332
587 352
588 350
589 350
590 350
591 346
592 350
593 354
594 350
595 342
596 332
597 332
598 330
599 344
600 356
601 344
602 326
603 324
604 350
605 344
606 344
607 338
608 322
609 340
610 330
611 352
612 332
613 324
614 356
615 350
616 362
617 322
618 336
619 322
620 354
621 314
622 340
623 342
624 342
625 336
626 310
627 336
628 320
629 342
630 356
631 338
632 316
633 332
634 302
635 324
636 324
637 158
638 344
639 332
640 350
641 344
642 358
643 358
644 332
645 344
646 310
647 354
648 360
649 324
650 332
651 358
652 338
653 320
654 352
655 324
656 350
657 344
658 350
659 322
660 350
661 354
662 352
663 324
664 330
665 344
666 340
667 334
668 352
669 354
670 320
671 320
672 366
673 342
674 324
675 304
676 326
677 322
678 358
679 324
680 364
681 138
682 338
683 354
684 352
685 344
686 352
687 338
688 334
689 310
690 322
691 324
692 322
693 320
694 332
695 354
696 354
697 358
698 334
699 324
700 332
701 348
702 300
703 334
704 336
705 350
706 302
707 330
708 328
709 358
710 314
711 324
712 332
713 334
714 342
715 322
716 348
717 324
718 348
719 334
720 370
721 328
722 338
723 304
724 324
725 328
726 328
727 346
728 334
729 334
730 338
731 132
732 350
733 332
734 318
735 350
736 360
737 328
738 300
739 344
740 336
741 350
742 342
743 326
744 336
745 342
746 158
747 340
748 326
749 358
750 350
751 354
752 330
753 304
754 350
755 356
756 336
757 306
758 318
759 342
760 346
761 320
762 346
763 352
764 360
765 344
766 336
767 342
768 346
769 342
770 326
771 328
772 326
773 338
774 332
775 334
776 352
777 344
778 356
779 340
780 314
781 354
782 346
783 330
784 344
785 320
786 146
787 318
788 342
789 340
790 334
791 346
792 338
793 324
794 332
795 352
796 306
797 326
798 340
799 336
800 302
801 320
802 132
803 322
804 336
805 300
806 350
807 356
808 342
809 334
810 354
811 320
812 304
813 308
814 346
815 304
816 310
817 340
818 338
819 156
820 350
821 332
822 332
823 344
824 350
825 342
826 340
827 346
828 344
829 326
830 326
831 342
832 330
833 348
834 322
835 346
836 336
837 326
838 332
839 354
840 358
841 352
842 298
843 350
844 304
845 340
846 324
847 340
848 362
849 338
850 336
851 350
852 322
853 342
854 330
855 350
856 138
857 328
858 308
859 340
860 356
861 134
862 328
863 310
864 356
865 348
866 352
867 354
868 312
869 330
870 354
871 330
872 324
873 350
874 312
875 330
876 344
877 326
878 332
879 330
880 130
881 328
882 320
883 304
884 318
885 356
886 330
887 344
888 342
889 302
890 318
891 322
892 324
893 144
894 352
895 324
896 136
897 334
898 298
899 348
900 324
901 344
902 350
903 346
904 350
905 348
906 336
907 320
908 336
909 328
910 334
911 332
912 326
913 332
914 318
915 358
916 342
917 342
918 304
919 322
920 308
921 304
922 158
923 330
924 354
925 332
926 342
927 344
928 348
929 340
930 340
931 344
932 352
933 316
934 326
935 332
936 330
937 332
938 320
939 330
940 130
941 318
942 330
943 346
944 356
945 344
946 348
947 328
948 332
949 352
950 330
951 330
952 316
953 130
954 316
955 322
956 324
957 326
958 350
959 350
960 348
961 336
962 330
963 336
964 326
965 360
966 132
967 338
968 358
969 348
970 336
971 350
972 338
973 352
974 340
975 352
976 332
977 332
978 330
979 314
980 350
981 346
982 320
983 344
984 326
985 356
986 350
987 346
988 308
989 354
990 342
991 316
992 350
993 322
994 350
995 130
996 348
997 342
998 340
999 312
42 8 1 949
