0 52
1 284
2 286
3 282
4 262
5 288
6 282
7 290
8 284
9 284
10 286
11 264
12 280
13 94
14 286
15 282
16 276
17 282
18 290
19 270
20 274
21 280
22 264
23 282
24 294
25 270
26 294
27 288
28 284
29 290
30 292
31 286
32 296
33 276
34 266
35 282
36 284
37 96
38 290
39 282
40 296
41 292
42 284
43 288
44 282
45 264
46 292
47 280
48 292
49 284
50 282
51 288
52 290
53 288
54 282
55 282
56 268
57 280
58 292
59 70
60 282
61 282
62 284
63 282
64 106
65 290
66 94
67 284
68 288
69 284
70 266
71 90
72 298
73 266
74 280
75 292
76 266
77 284
78 294
79 288
80 288
81 290
82 288
83 280
84 290
85 296
86 286
87 90
88 286
89 282
90 282
91 260
92 284
93 274
94 282
95 260
96 290
97 288
98 286
99 284
100 284
101 278
102 270
103 262
104 280
105 284
106 284
107 284
108 284
109 284
110 288
111 288
112 282
113 284
114 290
115 266
116 282
117 286
118 260
119 282
120 302
121 280
122 280
123 292
124 280
125 292
126 284
127 280
128 260
129 260
130 260
131 264
132 294
133 92
134 282
135 288
136 290
137 272
138 262
139 264
140 92
141 284
142 290
143 284
144 286
145 282
146 286
147 282
148 286
149 286
150 266
151 282
152 294
153 286
154 288
155 292
156 280
157 264
158 90
159 292
160 292
161 286
162 282
163 294
164 268
165 276
166 284
167 286
168 330
169 264
170 292
171 94
172 280
173 282
174 262
175 94
176 288
177 262
178 262
179 282
180 266
181 284
182 262
183 282
184 292
185 284
186 282
187 280
188 268
189 260
190 282
191 286
192 100
193 284
194 282
195 280
196 284
197 288
198 266
199 294
200 282
201 260
202 262
203 268
204 256
205 284
206 266
207 284
208 296
209 262
210 290
211 90
212 292
213 282
214 298
215 280
216 276
217 272
218 282
219 286
220 280
221 284
222 282
223 274
224 290
225 282
226 262
227 284
228 292
229 262
230 286
231 284
232 294
233 276
234 282
235 278
236 288
237 292
238 262
239 284
240 292
241 282
242 290
243 284
244 262
245 280
246 262
247 286
248 296
249 282
250 292
251 268
252 94
253 284
254 286
255 96
256 96
257 288
258 280
259 284
260 276
261 290
262 284
263 284
264 276
265 290
266 282
267 288
268 284
269 286
270 280
271 280
272 288
273 284
274 270
275 262
276 282
277 282
278 292
279 268
280 280
281 284
282 282
283 278
284 290
285 286
286 290
287 284
288 298
289 286
290 280
291 282
292 286
293 284
294 280
295 284
296 274
297 286
298 280
299 264
300 288
301 264
302 292
303 268
304 296
305 286
306 282
307 292
308 278
309 282
310 290
311 272
312 280
313 282
314 282
315 290
316 262
317 290
318 268
319 262
320 280
321 280
322 286
323 262
324 260
325 268
326 262
327 276
328 284
329 288
330 262
331 284
332 282
333 268
334 284
335 288
336 294
337 292
338 284
339 284
340 284
341 284
342 286
343 264
344 292
345 288
346 280
347 296
348 284
349 280
350 258
351 284
352 108
353 292
354 286
355 290
356 274
357 264
358 266
359 288
360 286
361 288
362 278
363 94
364 290
365 264
366 284
367 286
368 284
369 284
370 264
371 292
372 290
373 294
374 292
375 284
376 284
377 98
378 260
379 260
380 284
381 294
382 278
383 284
384 296
385 282
386 284
387 286
388 286
389 290
390 264
391 258
392 258
393 290
394 280
395 282
396 270
397 300
398 282
399 280
400 294
401 290
402 258
403 282
404 286
405 264
406 288
407 288
408 292
409 264
410 284
411 282
412 290
413 280
414 294
415 282
416 284
417 292
418 288
419 282
420 96
421 284
422 282
423 262
424 284
425 264
426 286
427 260
428 98
429 286
430 284
431 286
432 290
433 280
434 292
435 268
436 290
437 266
438 262
439 296
440 296
441 278
442 288
443 288
444 294
445 260
446 282
447 280
448 280
449 264
450 266
451 264
452 282
453 288
454 286
455 284
456 268
457 288
458 284
459 284
460 94
461 286
462 260
463 282
464 294
465 268
466 290
467 272
468 288
469 292
470 266
471 266
472 288
473 284
474 290
475 268
476 286
477 280
478 288
479 284
480 270
481 282
482 258
483 288
484 284
485 288
486 288
487 288
488 268
489 284
490 264
491 292
492 266
493 284
494 284
495 268
496 274
497 266
498 282
499 284
500 272
501 98
502 286
503 290
504 292
505 286
506 294
507 284
508 282
509 282
510 292
511 290
512 298
513 292
514 272
515 260
516 282
517 288
518 288
519 286
520 300
521 264
522 278
523 260
524 284
525 282
526 288
527 290
528 290
529 278
530 262
531 288
532 270
533 278
534 284
535 290
536 270
537 272
538 282
539 290
540 274
541 102
542 292
543 288
544 294
545 280
546 262
547 266
548 284
549 282
550 288
551 292
552 104
553 280
554 260
555 260
556 266
557 292
558 290
559 292
560 290
561 284
562 268
563 280
564 284
565 292
566 284
567 286
568 296
569 292
570 286
571 268
572 292
573 284
574 284
575 266
576 268
577 292
578 282
579 288
580 296
581 280
582 280
583 282
584 272
585 290
586 292
587 268
588 284
589 282
590 264
591 288
592 292
593 284
594 284
595 284
596 296
597 280
598 284
599 292
600 270
601 264
602 288
603 282
604 284
605 290
606 288
607 262
608 264
609 262
610 292
611 292
612 96
613 280
614 280
615 280
616 270
617 288
618 286
619 282
620 294
621 262
622 280
623 262
624 292
625 262
626 280
627 262
628 288
629 288
630 280
631 264
632 296
633 290
634 282
635 296
636 280
637 266
638 284
639 262
640 294
641 278
642 264
643 260
644 284
645 262
646 286
647 280
648 290
649 296
650 282
651 284
652 280
653 256
654 284
655 286
656 274
657 284
658 280
659 276
660 286
661 280
662 260
663 286
664 288
665 288
666 282
667 280
668 278
669 282
670 282
671 262
672 288
673 284
674 262
675 270
676 264
677 282
678 284
679 278
680 298
681 286
682 268
683 282
684 288
685 266
686 284
687 282
688 300
689 296
690 268
691 282
692 266
693 262
694 280
695 282
696 286
697 286
698 264
699 284
700 288
701 292
702 284
703 262
704 286
705 288
706 282
707 282
708 286
709 264
710 296
711 266
712 286
713 282
714 282
715 296
716 290
717 268
718 264
719 294
720 292
721 288
722 270
723 280
724 282
725 282
726 282
727 282
728 312
729 280
730 286
731 290
732 268
733 284
734 284
735 284
736 298
737 284
738 296
739 266
740 262
741 288
742 288
743 286
744 288
745 260
746 262
747 278
748 282
749 280
750 284
751 282
752 290
753 280
754 282
755 284
756 284
757 282
758 286
759 286
760 294
761 290
762 264
763 288
764 262
765 296
766 296
767 278
768 292
769 280
770 282
771 288
772 280
773 290
774 278
775 290
776 292
777 288
778 286
779 290
780 284
781 284
782 266
783 272
784 300
785 290
786 280
787 284
788 294
789 294
790 284
791 288
792 300
793 290
794 280
795 282
796 282
797 290
798 280
799 280
800 266
801 280
802 274
803 282
804 286
805 264
806 288
807 262
808 300
809 266
810 270
811 292
812 288
813 284
814 286
815 264
816 288
817 286
818 284
819 282
820 288
821 288
822 280
823 282
824 272
825 280
826 296
827 286
828 284
829 264
830 274
831 262
832 292
833 280
834 260
835 280
836 262
837 288
838 278
839 290
840 292
841 286
842 294
843 286
844 282
845 268
846 280
847 282
848 290
849 282
850 280
851 280
852 282
853 294
854 290
855 288
856 288
857 266
858 260
859 260
860 288
861 272
862 282
863 284
864 278
865 266
866 270
867 290
868 294
869 288
870 280
871 284
872 290
873 290
874 280
875 290
876 262
877 266
878 292
879 280
880 292
881 270
882 274
883 270
884 280
885 280
886 280
887 282
888 272
889 278
890 286
891 284
892 288
893 284
894 284
895 282
896 288
897 286
898 282
899 284
900 278
901 284
902 94
903 282
904 288
905 284
906 264
907 284
908 262
909 298
910 260
911 284
912 272
913 280
914 288
915 288
916 282
917 292
918 284
919 286
920 288
921 262
922 270
923 266
924 260
925 268
926 268
927 282
928 270
929 284
930 284
931 264
932 290
933 262
934 290
935 282
936 296
937 270
938 286
939 284
940 288
941 272
942 264
943 284
944 296
945 282
946 282
947 280
948 280
949 284
950 288
951 288
952 292
953 290
954 286
955 278
956 264
957 286
958 290
959 278
960 300
961 280
962 280
963 292
964 280
965 284
966 264
967 286
968 294
969 284
970 282
971 284
972 284
973 284
974 298
975 274
976 292
977 296
978 268
979 286
980 262
981 286
982 264
983 284
984 290
985 284
986 262
987 268
988 280
989 270
990 284
991 286
992 266
993 284
994 288
995 282
996 266
997 282
998 260
999 282
28 22 1 949
