0 58
1 246
2 262
3 264
4 260
5 262
6 244
7 242
8 244
9 244
10 264
11 262
12 240
13 264
14 242
15 244
16 272
17 260
18 264
19 244
20 262
21 264
22 262
23 260
24 268
25 260
26 264
27 244
28 246
29 244
30 260
31 264
32 266
33 264
34 260
35 240
36 242
37 264
38 242
39 264
40 250
41 246
42 258
43 262
44 260
45 240
46 262
47 262
48 272
49 260
50 260
51 264
52 242
53 264
54 262
55 242
56 246
57 262
58 262
59 260
60 260
61 266
62 260
63 262
64 264
65 240
66 262
67 264
68 260
69 264
70 264
71 264
72 266
73 240
74 262
75 262
76 260
77 262
78 240
79 264
80 266
81 244
82 260
83 264
84 260
85 262
86 264
87 260
88 262
89 260
90 50
91 262
92 244
93 68
94 260
95 262
96 244
97 240
98 260
99 260
100 262
101 262
102 260
103 240
104 242
105 262
106 242
107 264
108 244
109 262
110 78
111 260
112 264
113 240
114 240
115 240
116 264
117 76
118 262
119 264
120 84
121 262
122 244
123 264
124 262
125 262
126 82
127 260
128 266
129 242
130 68
131 260
132 242
133 240
134 264
135 242
136 264
137 244
138 262
139 264
140 242
141 262
142 70
143 268
144 250
145 260
146 264
147 242
148 264
149 242
150 264
151 264
152 266
153 240
154 242
155 260
156 240
157 260
158 242
159 240
160 270
161 260
162 260
163 264
164 260
165 262
166 264
167 264
168 294
169 264
170 262
171 262
172 240
173 264
174 264
175 264
176 266
177 260
178 262
179 260
180 262
181 262
182 260
183 242
184 246
185 262
186 244
187 266
188 262
189 260
190 262
191 262
192 270
193 70
194 260
195 272
196 260
197 244
198 264
199 260
200 270
201 244
202 264
203 244
204 264
205 264
206 260
207 260
208 266
209 260
210 262
211 262
212 262
213 74
214 272
215 72
216 276
217 264
218 74
219 264
220 244
221 262
222 260
223 242
224 260
225 264
226 266
227 66
228 264
229 244
230 262
231 244
232 248
233 262
234 262
235 262
236 264
237 242
238 244
239 244
240 68
241 260
242 262
243 262
244 264
245 262
246 244
247 264
248 248
249 262
250 262
251 262
252 262
253 264
254 264
255 244
256 268
257 260
258 260
259 262
260 238
261 264
262 244
263 260
264 264
265 260
266 262
267 262
268 264
269 82
270 262
271 262
272 260
273 240
274 240
275 240
276 264
277 242
278 244
279 262
280 244
281 260
282 240
283 262
284 264
285 244
286 262
287 240
288 242
289 264
290 244
291 262
292 260
293 260
294 264
295 244
296 248
297 262
298 260
299 260
300 262
301 240
302 240
303 242
304 268
305 244
306 76
307 262
308 240
309 242
310 264
311 244
312 264
313 260
314 240
315 262
316 242
317 264
318 66
319 260
320 268
321 262
322 262
323 264
324 260
325 262
326 242
327 262
328 84
329 264
330 244
331 260
332 268
333 264
334 262
335 260
336 88
337 262
338 264
339 242
340 262
341 260
342 264
343 262
344 264
345 240
346 242
347 264
348 242
349 260
350 240
351 264
352 74
353 262
354 264
355 260
356 264
357 264
358 244
359 244
360 260
361 264
362 80
363 262
364 242
365 260
366 242
367 262
368 270
369 262
370 264
371 242
372 260
373 242
374 262
375 262
376 260
377 66
378 260
379 260
380 264
381 262
382 262
383 242
384 264
385 240
386 262
387 264
388 264
389 260
390 262
391 258
392 264
393 242
394 244
395 264
396 262
397 262
398 262
399 264
400 268
401 262
402 242
403 264
404 262
405 262
406 262
407 242
408 260
409 66
410 262
411 262
412 262
413 264
414 262
415 268
416 266
417 264
418 262
419 262
420 262
421 240
422 264
423 258
424 268
425 242
426 260
427 260
428 262
429 262
430 240
431 262
432 270
433 260
434 264
435 244
436 244
437 260
438 240
439 262
440 262
441 74
442 262
443 264
444 242
445 242
446 260
447 264
448 242
449 244
450 260
451 264
452 76
453 262
454 264
455 264
456 270
457 244
458 264
459 242
460 262
461 240
462 264
463 264
464 266
465 240
466 260
467 242
468 260
469 242
470 258
471 240
472 242
473 242
474 260
475 262
476 264
477 80
478 264
479 260
480 270
481 260
482 260
483 262
484 264
485 242
486 260
487 242
488 76
489 242
490 260
491 260
492 260
493 262
494 244
495 260
496 264
497 264
498 262
499 72
500 266
501 260
502 262
503 260
504 266
505 262
506 262
507 264
508 260
509 258
510 264
511 244
512 262
513 76
514 260
515 264
516 66
517 262
518 240
519 242
520 260
521 262
522 260
523 260
524 262
525 262
526 242
527 242
528 272
529 242
530 262
531 244
532 70
533 262
534 260
535 262
536 264
537 262
538 260
539 264
540 262
541 244
542 262
543 260
544 246
545 262
546 260
547 260
548 242
549 262
550 262
551 242
552 266
553 262
554 260
555 264
556 260
557 262
558 244
559 264
560 260
561 260
562 264
563 68
564 262
565 266
566 258
567 240
568 268
569 262
570 260
571 262
572 264
573 264
574 260
575 242
576 246
577 266
578 242
579 262
580 262
581 244
582 262
583 262
584 266
585 264
586 262
587 264
588 262
589 262
590 264
591 242
592 264
593 264
594 244
595 262
596 262
597 260
598 262
599 262
600 268
601 262
602 240
603 264
604 242
605 264
606 244
607 260
608 270
609 242
610 260
611 242
612 264
613 246
614 260
615 260
616 270
617 262
618 260
619 260
620 266
621 264
622 262
623 262
624 270
625 240
626 240
627 264
628 262
629 242
630 240
631 264
632 264
633 262
634 262
635 264
636 260
637 262
638 246
639 242
640 266
641 262
642 262
643 260
644 260
645 264
646 242
647 242
648 266
649 264
650 262
651 262
652 242
653 238
654 260
655 262
656 268
657 260
658 262
659 262
660 240
661 240
662 242
663 264
664 248
665 264
666 244
667 260
668 264
669 264
670 262
671 72
672 86
673 260
674 240
675 82
676 264
677 262
678 240
679 262
680 292
681 262
682 260
683 266
684 262
685 264
686 262
687 264
688 268
689 264
690 242
691 262
692 262
693 264
694 260
695 242
696 268
697 264
698 260
699 264
700 262
701 242
702 266
703 258
704 268
705 262
706 264
707 262
708 262
709 264
710 260
711 262
712 268
713 240
714 262
715 240
716 264
717 264
718 262
719 244
720 268
721 262
722 264
723 242
724 242
725 264
726 262
727 242
728 268
729 260
730 266
731 262
732 264
733 244
734 242
735 246
736 266
737 264
738 66
739 76
740 70
741 264
742 242
743 264
744 266
745 260
746 72
747 260
748 260
749 240
750 242
751 240
752 268
753 262
754 264
755 264
756 262
757 262
758 264
759 262
760 266
761 76
762 264
763 262
764 244
765 264
766 244
767 262
768 244
769 264
770 242
771 262
772 260
773 266
774 244
775 260
776 268
777 262
778 262
779 262
780 242
781 264
782 264
783 266
784 244
785 262
786 264
787 82
788 262
789 264
790 242
791 266
792 244
793 262
794 262
795 260
796 260
797 262
798 82
799 264
800 244
801 246
802 260
803 262
804 78
805 262
806 262
807 264
808 248
809 242
810 244
811 262
812 264
813 242
814 262
815 264
816 266
817 264
818 70
819 268
820 72
821 260
822 266
823 264
824 266
825 262
826 242
827 262
828 266
829 264
830 264
831 262
832 270
833 262
834 262
835 66
836 260
837 240
838 240
839 262
840 266
841 262
842 264
843 262
844 240
845 266
846 260
847 262
848 268
849 68
850 244
851 242
852 264
853 260
854 240
855 262
856 264
857 262
858 262
859 244
860 260
861 262
862 264
863 260
864 262
865 264
866 262
867 240
868 262
869 242
870 264
871 260
872 72
873 264
874 264
875 260
876 264
877 74
878 272
879 244
880 270
881 260
882 240
883 262
884 262
885 240
886 262
887 264
888 260
889 242
890 262
891 260
892 266
893 260
894 264
895 264
896 268
897 242
898 242
899 262
900 242
901 260
902 264
903 264
904 262
905 264
906 260
907 262
908 260
909 240
910 264
911 262
912 270
913 262
914 240
915 240
916 262
917 264
918 264
919 260
920 260
921 262
922 262
923 262
924 260
925 240
926 242
927 262
928 268
929 262
930 264
931 242
932 260
933 262
934 262
935 264
936 266
937 262
938 264
939 262
940 264
941 260
942 262
943 262
944 268
945 244
946 260
947 240
948 262
949 262
950 240
951 240
952 266
953 264
954 80
955 268
956 260
957 240
958 262
959 260
960 270
961 262
962 266
963 262
964 264
965 244
966 244
967 242
968 248
969 260
970 264
971 264
972 262
973 264
974 260
975 262
976 266
977 264
978 260
979 264
980 262
981 242
982 262
983 242
984 268
985 264
986 264
987 260
988 260
989 262
990 264
991 262
992 268
993 242
994 266
995 264
996 260
997 242
998 264
999 264
50 0 1 949
