0 46
1 288
2 256
3 296
4 264
5 254
6 284
7 270
8 280
9 270
10 296
11 288
12 264
13 316
14 262
15 272
16 308
17 276
18 268
19 274
20 268
21 252
22 252
23 256
24 268
25 286
26 264
27 268
28 294
29 258
30 248
31 316
32 272
33 260
34 266
35 256
36 266
37 276
38 286
39 268
40 312
41 294
42 270
43 258
44 262
45 274
46 86
47 290
48 276
49 256
50 262
51 288
52 256
53 258
54 264
55 286
56 288
57 262
58 256
59 274
60 66
61 280
62 260
63 264
64 278
65 280
66 264
67 248
68 266
69 264
70 260
71 286
72 266
73 252
74 270
75 270
76 252
77 252
78 250
79 266
80 276
81 264
82 264
83 280
84 270
85 268
86 310
87 284
88 288
89 262
90 280
91 266
92 276
93 94
94 248
95 270
96 278
97 268
98 268
99 284
100 258
101 98
102 266
103 272
104 256
105 258
106 264
107 256
108 302
109 260
110 322
111 256
112 278
113 268
114 252
115 284
116 274
117 268
118 268
119 254
120 262
121 282
122 280
123 258
124 284
125 274
126 262
127 278
128 276
129 282
130 268
131 246
132 278
133 276
134 258
135 292
136 256
137 260
138 290
139 286
140 284
141 274
142 258
143 252
144 292
145 264
146 266
147 258
148 272
149 270
150 272
151 268
152 268
153 288
154 278
155 270
156 258
157 284
158 254
159 302
160 280
161 264
162 274
163 268
164 264
165 94
166 284
167 266
168 308
169 264
170 278
171 246
172 264
173 256
174 248
175 264
176 300
177 266
178 256
179 268
180 278
181 260
182 258
183 306
184 276
185 248
186 94
187 270
188 282
189 258
190 282
191 272
192 278
193 266
194 264
195 270
196 254
197 264
198 266
199 290
200 286
201 278
202 278
203 250
204 264
205 288
206 268
207 250
208 294
209 262
210 270
211 290
212 274
213 298
214 256
215 274
216 292
217 268
218 272
219 266
220 100
221 286
222 272
223 272
224 106
225 286
226 258
227 272
228 260
229 304
230 252
231 266
232 284
233 304
234 272
235 278
236 294
237 264
238 258
239 266
240 296
241 266
242 302
243 262
244 256
245 276
246 268
247 292
248 260
249 268
250 272
251 266
252 280
253 262
254 256
255 268
256 262
257 270
258 262
259 274
260 272
261 276
262 254
263 272
264 264
265 262
266 268
267 262
268 254
269 252
270 278
271 288
272 288
273 282
274 266
275 276
276 260
277 264
278 262
279 288
280 272
281 386
282 274
283 264
284 266
285 290
286 272
287 274
288 262
289 272
290 276
291 266
292 268
293 266
294 270
295 274
296 284
297 266
298 270
299 254
300 274
301 284
302 296
303 282
304 280
305 258
306 268
307 280
308 272
309 256
310 412
311 268
312 270
313 282
314 270
315 262
316 282
317 290
318 276
319 260
320 272
321 264
322 262
323 284
324 278
325 282
326 254
327 252
328 290
329 292
330 272
331 264
332 244
333 280
334 252
335 288
336 102
337 268
338 86
339 262
340 270
341 258
342 292
343 282
344 286
345 274
346 254
347 268
348 250
349 272
350 280
351 254
352 292
353 282
354 320
355 262
356 246
357 276
358 270
359 288
360 268
361 292
362 282
363 270
364 260
365 268
366 290
367 268
368 276
369 258
370 268
371 342
372 258
373 266
374 262
375 278
376 280
377 282
378 266
379 278
380 258
381 252
382 314
383 278
384 268
385 268
386 246
387 260
388 264
389 280
390 282
391 266
392 284
393 266
394 276
395 266
396 264
397 270
398 260
399 270
400 268
401 268
402 274
403 258
404 284
405 268
406 320
407 268
408 310
409 280
410 270
411 268
412 276
413 260
414 270
415 284
416 268
417 266
418 276
419 314
420 266
421 280
422 300
423 288
424 288
425 302
426 282
427 284
428 278
429 260
430 256
431 268
432 272
433 274
434 306
435 254
436 264
437 256
438 270
439 260
440 256
441 272
442 266
443 258
444 266
445 286
446 284
447 250
448 278
449 256
450 254
451 248
452 276
453 294
454 262
455 268
456 262
457 290
458 264
459 272
460 270
461 264
462 276
463 284
464 290
465 262
466 286
467 268
468 284
469 276
470 258
471 248
472 258
473 290
474 264
475 274
476 266
477 266
478 270
479 270
480 278
481 276
482 88
483 256
484 268
485 274
486 280
487 266
488 266
489 322
490 270
491 278
492 272
493 274
494 272
495 264
496 288
497 258
498 268
499 268
500 268
501 258
502 272
503 254
504 270
505 254
506 266
507 276
508 248
509 250
510 258
511 248
512 282
513 286
514 254
515 278
516 278
517 270
518 284
519 294
520 270
521 282
522 260
523 250
524 254
525 286
526 270
527 250
528 284
529 276
530 286
531 286
532 278
533 260
534 268
535 284
536 278
537 244
538 306
539 264
540 276
541 276
542 266
543 266
544 268
545 286
546 284
547 270
548 314
549 262
550 268
551 106
552 286
553 296
554 294
555 278
556 264
557 270
558 266
559 256
560 278
561 268
562 254
563 282
564 264
565 252
566 260
567 268
568 300
569 276
570 288
571 308
572 278
573 270
574 280
575 282
576 284
577 268
578 270
579 254
580 290
581 258
582 258
583 304
584 286
585 262
586 264
587 280
588 282
589 268
590 274
591 254
592 276
593 278
594 272
595 254
596 260
597 286
598 284
599 280
600 278
601 270
602 284
603 270
604 288
605 274
606 268
607 258
608 290
609 278
610 262
611 286
612 280
613 264
614 282
615 264
616 286
617 272
618 250
619 270
620 268
621 270
622 266
623 272
624 262
625 256
626 268
627 292
628 282
629 272
630 274
631 86
632 272
633 274
634 272
635 256
636 274
637 244
638 276
639 276
640 258
641 280
642 292
643 264
644 276
645 274
646 272
647 266
648 276
649 390
650 98
651 284
652 296
653 270
654 288
655 290
656 292
657 274
658 282
659 260
660 282
661 280
662 276
663 252
664 262
665 268
666 282
667 264
668 256
669 264
670 282
671 366
672 378
673 306
674 258
675 318
676 286
677 266
678 262
679 252
680 328
681 262
682 272
683 248
684 280
685 262
686 268
687 258
688 316
689 272
690 264
691 268
692 330
693 282
694 254
695 272
696 270
697 272
698 266
699 286
700 290
701 266
702 276
703 284
704 290
705 258
706 278
707 262
708 280
709 246
710 274
711 286
712 284
713 278
714 94
715 266
716 280
717 276
718 276
719 254
720 282
721 270
722 276
723 290
724 272
725 272
726 284
727 274
728 296
729 286
730 280
731 272
732 290
733 272
734 274
735 284
736 280
737 270
738 262
739 284
740 270
741 254
742 264
743 272
744 284
745 284
746 286
747 286
748 268
749 270
750 90
751 256
752 282
753 254
754 266
755 270
756 260
757 260
758 272
759 250
760 286
761 284
762 282
763 254
764 272
765 282
766 282
767 264
768 260
769 266
770 256
771 272
772 258
773 276
774 274
775 276
776 294
777 250
778 272
779 262
780 336
781 268
782 268
783 278
784 298
785 264
786 286
787 276
788 296
789 252
790 262
791 298
792 280
793 298
794 258
795 268
796 264
797 278
798 280
799 282
800 280
801 276
802 264
803 268
804 284
805 264
806 278
807 276
808 274
809 270
810 262
811 276
812 282
813 290
814 266
815 260
816 286
817 264
818 256
819 262
820 272
821 272
822 262
823 274
824 254
825 288
826 264
827 328
828 250
829 272
830 256
831 252
832 300
833 280
834 266
835 274
836 258
837 274
838 282
839 268
840 304
841 254
842 270
843 274
844 260
845 262
846 250
847 260
848 292
849 286
850 254
851 264
852 290
853 280
854 286
855 266
856 318
857 266
858 272
859 290
860 272
861 272
862 272
863 266
864 272
865 268
866 268
867 252
868 298
869 266
870 252
871 268
872 280
873 268
874 258
875 284
876 250
877 270
878 262
879 270
880 274
881 256
882 254
883 252
884 284
885 278
886 254
887 316
888 380
889 272
890 252
891 288
892 280
893 268
894 280
895 258
896 296
897 286
898 278
899 270
900 264
901 268
902 274
903 286
904 284
905 264
906 248
907 270
908 270
909 270
910 268
911 278
912 288
913 274
914 256
915 250
916 272
917 284
918 280
919 274
920 288
921 284
922 282
923 298
924 318
925 268
926 310
927 264
928 332
929 254
930 260
931 276
932 280
933 268
934 248
935 262
936 270
937 296
938 314
939 248
940 266
941 260
942 268
943 284
944 298
945 274
946 258
947 270
948 276
949 262
950 252
951 274
952 268
953 274
954 254
955 256
956 264
957 276
958 278
959 256
960 268
961 270
962 270
963 286
964 266
965 260
966 280
967 292
968 268
969 90
970 278
971 288
972 256
973 268
974 278
975 280
976 296
977 286
978 272
979 286
980 274
981 284
982 278
983 274
984 286
985 254
986 258
987 278
988 266
989 254
990 276
991 282
992 274
993 256
994 270
995 290
996 258
997 266
998 274
999 264
17 33 1 949
