0 48
1 292
2 278
3 284
4 262
5 272
6 276
7 274
8 292
9 284
10 296
11 280
12 282
13 282
14 278
15 266
16 284
17 278
18 264
19 286
20 98
21 280
22 278
23 262
24 290
25 278
26 264
27 264
28 66
29 286
30 278
31 276
32 288
33 274
34 96
35 274
36 284
37 274
38 272
39 276
40 316
41 266
42 278
43 282
44 272
45 274
46 274
47 278
48 284
49 270
50 278
51 264
52 280
53 276
54 62
55 276
56 264
57 276
58 278
59 274
60 276
61 278
62 276
63 280
64 298
65 258
66 278
67 284
68 280
69 276
70 256
71 272
72 282
73 282
74 284
75 282
76 278
77 276
78 288
79 266
80 284
81 278
82 262
83 260
84 284
85 290
86 268
87 280
88 264
89 260
90 278
91 284
92 90
93 282
94 278
95 284
96 282
97 276
98 274
99 274
100 276
101 260
102 278
103 260
104 268
105 278
106 278
107 286
108 272
109 290
110 274
111 258
112 296
113 280
114 282
115 288
116 282
117 256
118 288
119 282
120 308
121 290
122 266
123 280
124 278
125 284
126 278
127 276
128 282
129 280
130 286
131 272
132 98
133 292
134 284
135 276
136 272
137 282
138 290
139 266
140 92
141 280
142 280
143 276
144 282
145 272
146 84
147 274
148 298
149 276
150 258
151 280
152 282
153 276
154 278
155 278
156 292
157 96
158 274
159 278
160 284
161 278
162 260
163 260
164 280
165 284
166 282
167 262
168 322
169 268
170 284
171 282
172 286
173 268
174 282
175 284
176 284
177 288
178 280
179 276
180 284
181 268
182 286
183 284
184 290
185 278
186 278
187 282
188 282
189 278
190 282
191 274
192 278
193 278
194 278
195 292
196 288
197 280
198 288
199 292
200 294
201 284
202 276
203 276
204 290
205 90
206 276
207 258
208 288
209 274
210 278
211 272
212 286
213 270
214 288
215 276
216 262
217 260
218 290
219 100
220 274
221 274
222 274
223 262
224 290
225 280
226 264
227 282
228 284
229 256
230 252
231 262
232 260
233 288
234 276
235 272
236 290
237 258
238 262
239 274
240 294
241 254
242 274
243 256
244 282
245 280
246 278
247 274
248 94
249 276
250 274
251 274
252 276
253 276
254 274
255 278
256 284
257 280
258 274
259 252
260 270
261 258
262 262
263 276
264 276
265 266
266 266
267 290
268 268
269 264
270 276
271 280
272 286
273 262
274 88
275 298
276 288
277 272
278 290
279 292
280 284
281 260
282 266
283 292
284 290
285 274
286 290
287 290
288 298
289 288
290 288
291 94
292 278
293 274
294 290
295 270
296 264
297 264
298 280
299 284
300 262
301 282
302 98
303 286
304 272
305 264
306 276
307 280
308 276
309 280
310 290
311 286
312 294
313 264
314 268
315 278
316 272
317 258
318 276
319 90
320 282
321 274
322 82
323 266
324 276
325 258
326 286
327 280
328 282
329 284
330 284
331 278
332 286
333 276
334 282
335 268
336 276
337 260
338 292
339 286
340 288
341 276
342 274
343 278
344 280
345 256
346 258
347 280
348 298
349 274
350 258
351 274
352 262
353 276
354 278
355 274
356 272
357 276
358 280
359 276
360 258
361 254
362 276
363 262
364 300
365 264
366 288
367 284
368 264
369 282
370 278
371 288
372 278
373 274
374 280
375 290
376 272
377 264
378 276
379 294
380 268
381 278
382 280
383 276
384 286
385 290
386 274
387 252
388 280
389 286
390 284
391 290
392 288
393 280
394 276
395 264
396 290
397 282
398 264
399 264
400 284
401 100
402 274
403 274
404 266
405 288
406 280
407 286
408 288
409 274
410 286
411 290
412 274
413 280
414 282
415 270
416 298
417 284
418 286
419 280
420 276
421 278
422 274
423 282
424 290
425 274
426 276
427 274
428 278
429 274
430 286
431 90
432 288
433 278
434 258
435 280
436 256
437 274
438 278
439 278
440 110
441 278
442 278
443 276
444 274
445 276
446 278
447 280
448 282
449 258
450 276
451 276
452 92
453 262
454 258
455 278
456 280
457 276
458 82
459 276
460 252
461 280
462 278
463 254
464 268
465 264
466 278
467 278
468 264
469 278
470 284
471 286
472 282
473 280
474 276
475 258
476 276
477 286
478 286
479 274
480 96
481 276
482 260
483 262
484 260
485 104
486 288
487 282
488 264
489 282
490 290
491 284
492 106
493 274
494 290
495 102
496 284
497 254
498 274
499 282
500 266
501 92
502 280
503 288
504 284
505 268
506 286
507 284
508 288
509 282
510 92
511 286
512 294
513 280
514 280
515 256
516 290
517 264
518 266
519 286
520 292
521 262
522 290
523 276
524 294
525 262
526 286
527 272
528 298
529 276
530 288
531 284
532 260
533 274
534 276
535 278
536 288
537 276
538 280
539 276
540 270
541 278
542 276
543 274
544 290
545 288
546 286
547 94
548 266
549 274
550 276
551 272
552 282
553 272
554 280
555 274
556 278
557 282
558 280
559 290
560 270
561 276
562 276
563 280
564 286
565 276
566 282
567 274
568 106
569 286
570 270
571 284
572 252
573 276
574 278
575 276
576 288
577 286
578 276
579 280
580 272
581 258
582 284
583 262
584 260
585 280
586 284
587 282
588 290
589 284
590 280
591 278
592 286
593 286
594 266
595 282
596 268
597 272
598 290
599 284
600 284
601 282
602 266
603 266
604 276
605 280
606 294
607 286
608 284
609 264
610 282
611 266
612 282
613 256
614 278
615 282
616 290
617 270
618 252
619 276
620 264
621 272
622 278
623 258
624 294
625 276
626 262
627 254
628 282
629 298
630 96
631 280
632 280
633 276
634 290
635 286
636 282
637 280
638 282
639 292
640 270
641 276
642 282
643 282
644 288
645 274
646 278
647 282
648 290
649 288
650 254
651 282
652 282
653 284
654 276
655 286
656 286
657 272
658 276
659 278
660 88
661 100
662 282
663 274
664 282
665 272
666 278
667 274
668 84
669 274
670 276
671 278
672 290
673 278
674 276
675 288
676 276
677 258
678 294
679 84
680 300
681 276
682 278
683 280
684 282
685 278
686 280
687 282
688 290
689 258
690 278
691 264
692 282
693 288
694 282
695 290
696 266
697 282
698 284
699 284
700 274
701 262
702 282
703 268
704 292
705 278
706 284
707 280
708 102
709 284
710 286
711 288
712 294
713 290
714 286
715 270
716 276
717 254
718 278
719 274
720 104
721 278
722 278
723 274
724 282
725 260
726 282
727 280
728 284
729 280
730 270
731 294
732 288
733 282
734 278
735 256
736 294
737 280
738 286
739 290
740 270
741 280
742 268
743 276
744 290
745 276
746 256
747 268
748 82
749 278
750 286
751 278
752 282
753 260
754 254
755 282
756 286
757 278
758 272
759 274
760 286
761 286
762 276
763 278
764 278
765 278
766 286
767 262
768 290
769 284
770 276
771 280
772 276
773 274
774 258
775 262
776 264
777 278
778 254
779 278
780 276
781 276
782 272
783 278
784 280
785 254
786 278
787 264
788 260
789 262
790 256
791 272
792 280
793 254
794 280
795 272
796 276
797 288
798 282
799 290
800 282
801 284
802 294
803 290
804 282
805 266
806 296
807 110
808 292
809 94
810 288
811 288
812 274
813 96
814 278
815 264
816 284
817 286
818 286
819 276
820 284
821 282
822 272
823 100
824 286
825 284
826 282
827 274
828 280
829 284
830 274
831 282
832 264
833 274
834 298
835 276
836 290
837 266
838 102
839 286
840 306
841 298
842 262
843 254
844 260
845 278
846 272
847 278
848 282
849 284
850 286
851 252
852 282
853 256
854 260
855 280
856 282
857 256
858 278
859 274
860 276
861 282
862 262
863 288
864 284
865 270
866 284
867 272
868 296
869 254
870 280
871 260
872 284
873 282
874 96
875 274
876 276
877 282
878 288
879 276
880 284
881 250
882 280
883 276
884 254
885 278
886 278
887 278
888 262
889 274
890 274
891 282
892 260
893 278
894 274
895 276
896 286
897 280
898 274
899 282
900 266
901 290
902 288
903 280
904 284
905 256
906 280
907 272
908 278
909 274
910 284
911 278
912 306
913 262
914 268
915 280
916 274
917 276
918 276
919 260
920 304
921 290
922 290
923 274
924 280
925 272
926 258
927 280
928 284
929 274
930 258
931 294
932 290
933 260
934 288
935 266
936 288
937 278
938 280
939 104
940 290
941 104
942 276
943 284
944 308
945 262
946 286
947 284
948 290
949 286
950 278
951 288
952 280
953 278
954 274
955 284
956 278
957 274
958 256
959 276
960 304
961 296
962 280
963 284
964 282
965 80
966 284
967 286
968 278
969 272
970 280
971 280
972 284
973 278
974 266
975 296
976 284
977 268
978 280
979 274
980 284
981 84
982 282
983 282
984 292
985 276
986 94
987 278
988 276
989 270
990 282
991 274
992 264
993 284
994 268
995 270
996 252
997 274
998 276
999 276
49 1 1 949
