0 48
1 290
2 260
3 276
4 264
5 266
6 290
7 284
8 302
9 276
10 262
11 288
12 286
13 280
14 282
15 282
16 284
17 292
18 278
19 290
20 288
21 286
22 286
23 278
24 282
25 260
26 264
27 278
28 276
29 282
30 284
31 270
32 292
33 292
34 270
35 266
36 290
37 286
38 278
39 276
40 284
41 278
42 262
43 268
44 286
45 280
46 288
47 288
48 294
49 262
50 298
51 292
52 278
53 288
54 274
55 94
56 288
57 280
58 284
59 66
60 286
61 282
62 284
63 286
64 276
65 286
66 102
67 286
68 288
69 286
70 276
71 280
72 302
73 286
74 288
75 288
76 278
77 282
78 290
79 260
80 302
81 288
82 286
83 288
84 260
85 286
86 284
87 286
88 282
89 288
90 290
91 282
92 288
93 268
94 276
95 274
96 266
97 268
98 290
99 288
100 268
101 288
102 262
103 266
104 298
105 280
106 286
107 288
108 274
109 284
110 280
111 282
112 290
113 98
114 290
115 98
116 286
117 260
118 264
119 276
120 280
121 290
122 266
123 290
124 286
125 258
126 286
127 274
128 284
129 282
130 280
131 254
132 280
133 286
134 84
135 276
136 258
137 276
138 274
139 286
140 272
141 280
142 298
143 278
144 290
145 282
146 280
147 258
148 276
149 280
150 78
151 276
152 286
153 256
154 296
155 258
156 280
157 276
158 282
159 276
160 298
161 256
162 280
163 282
164 258
165 278
166 278
167 278
168 346
169 276
170 276
171 274
172 252
173 274
174 282
175 276
176 266
177 262
178 274
179 78
180 276
181 260
182 274
183 252
184 284
185 278
186 276
187 258
188 274
189 284
190 278
191 280
192 288
193 282
194 278
195 260
196 276
197 280
198 278
199 278
200 282
201 280
202 274
203 276
204 284
205 282
206 282
207 290
208 284
209 282
210 280
211 278
212 288
213 276
214 306
215 284
216 98
217 274
218 286
219 276
220 282
221 264
222 282
223 274
224 92
225 276
226 288
227 260
228 284
229 300
230 272
231 264
232 288
233 276
234 278
235 272
236 282
237 260
238 280
239 276
240 260
241 288
242 294
243 258
244 258
245 274
246 260
247 284
248 288
249 284
250 90
251 284
252 258
253 276
254 274
255 258
256 286
257 92
258 282
259 288
260 280
261 274
262 260
263 278
264 294
265 294
266 276
267 286
268 282
269 284
270 286
271 280
272 290
273 260
274 288
275 268
276 264
277 282
278 264
279 266
280 272
281 282
282 262
283 268
284 292
285 278
286 290
287 106
288 296
289 284
290 278
291 288
292 288
293 288
294 288
295 256
296 268
297 276
298 288
299 286
300 282
301 278
302 288
303 278
304 286
305 314
306 282
307 258
308 280
309 258
310 260
311 264
312 290
313 294
314 258
315 294
316 268
317 286
318 102
319 314
320 288
321 286
322 98
323 290
324 272
325 282
326 278
327 262
328 272
329 282
330 278
331 268
332 286
333 274
334 278
335 280
336 266
337 268
338 294
339 262
340 280
341 290
342 286
343 90
344 286
345 286
346 290
347 280
348 292
349 268
350 264
351 266
352 290
353 284
354 286
355 284
356 280
357 92
358 280
359 268
360 268
361 304
362 288
363 288
364 262
365 282
366 262
367 282
368 294
369 98
370 284
371 286
372 280
373 280
374 260
375 260
376 284
377 278
378 294
379 260
380 284
381 278
382 264
383 282
384 290
385 282
386 282
387 288
388 286
389 286
390 266
391 262
392 294
393 286
394 256
395 284
396 274
397 280
398 288
399 278
400 288
401 268
402 280
403 286
404 286
405 282
406 286
407 280
408 292
409 262
410 286
411 280
412 262
413 262
414 282
415 274
416 288
417 278
418 268
419 286
420 278
421 272
422 290
423 288
424 280
425 288
426 292
427 290
428 274
429 270
430 280
431 288
432 284
433 276
434 278
435 278
436 284
437 276
438 278
439 278
440 294
441 274
442 282
443 282
444 282
445 282
446 276
447 90
448 284
449 282
450 260
451 280
452 272
453 278
454 278
455 278
456 288
457 272
458 274
459 284
460 88
461 280
462 276
463 258
464 282
465 278
466 278
467 260
468 258
469 278
470 274
471 276
472 262
473 276
474 254
475 280
476 282
477 278
478 282
479 284
480 284
481 282
482 260
483 282
484 274
485 272
486 280
487 278
488 286
489 274
490 276
491 92
492 278
493 276
494 276
495 276
496 286
497 256
498 258
499 278
500 276
501 94
502 274
503 260
504 266
505 264
506 254
507 282
508 280
509 266
510 274
511 98
512 284
513 274
514 280
515 256
516 284
517 280
518 280
519 258
520 284
521 288
522 284
523 288
524 288
525 288
526 260
527 280
528 290
529 282
530 284
531 276
532 276
533 280
534 278
535 284
536 288
537 276
538 284
539 282
540 296
541 274
542 252
543 274
544 286
545 278
546 276
547 284
548 282
549 282
550 280
551 278
552 286
553 280
554 270
555 278
556 276
557 284
558 286
559 278
560 284
561 286
562 278
563 284
564 276
565 284
566 256
567 282
568 286
569 274
570 278
571 278
572 284
573 288
574 272
575 262
576 282
577 264
578 268
579 278
580 278
581 274
582 286
583 282
584 288
585 278
586 256
587 292
588 276
589 276
590 276
591 290
592 292
593 288
594 282
595 290
596 282
597 280
598 274
599 268
600 292
601 100
602 286
603 286
604 290
605 292
606 276
607 280
608 282
609 290
610 262
611 270
612 288
613 288
614 284
615 284
616 264
617 258
618 286
619 280
620 282
621 276
622 282
623 264
624 292
625 272
626 280
627 258
628 288
629 284
630 276
631 260
632 274
633 284
634 256
635 286
636 290
637 264
638 276
639 280
640 268
641 262
642 292
643 286
644 276
645 282
646 296
647 278
648 290
649 288
650 284
651 288
652 286
653 286
654 272
655 286
656 296
657 288
658 290
659 104
660 294
661 294
662 304
663 290
664 272
665 286
666 290
667 280
668 288
669 280
670 304
671 288
672 286
673 278
674 280
675 278
676 284
677 292
678 288
679 278
680 310
681 274
682 288
683 268
684 284
685 292
686 290
687 288
688 280
689 272
690 292
691 270
692 278
693 284
694 276
695 274
696 290
697 284
698 290
699 290
700 296
701 282
702 288
703 272
704 284
705 264
706 286
707 280
708 286
709 280
710 266
711 274
712 296
713 292
714 292
715 270
716 290
717 268
718 282
719 288
720 286
721 280
722 284
723 278
724 288
725 290
726 284
727 280
728 310
729 270
730 284
731 266
732 290
733 278
734 284
735 260
736 302
737 278
738 282
739 264
740 272
741 282
742 278
743 274
744 266
745 280
746 274
747 276
748 276
749 254
750 278
751 282
752 282
753 278
754 262
755 276
756 256
757 278
758 274
759 274
760 264
761 258
762 256
763 276
764 278
765 286
766 274
767 256
768 100
769 276
770 278
771 280
772 278
773 276
774 278
775 276
776 288
777 276
778 278
779 282
780 280
781 258
782 282
783 278
784 286
785 278
786 276
787 280
788 260
789 264
790 262
791 274
792 260
793 280
794 274
795 280
796 276
797 278
798 278
799 254
800 284
801 260
802 260
803 260
804 254
805 274
806 286
807 260
808 284
809 282
810 278
811 278
812 282
813 280
814 272
815 290
816 290
817 284
818 300
819 264
820 288
821 286
822 288
823 264
824 284
825 290
826 266
827 286
828 288
829 254
830 286
831 278
832 284
833 288
834 278
835 278
836 276
837 284
838 262
839 290
840 290
841 278
842 282
843 276
844 274
845 278
846 264
847 278
848 286
849 258
850 288
851 260
852 290
853 290
854 282
855 276
856 272
857 256
858 252
859 294
860 282
861 288
862 260
863 290
864 288
865 264
866 276
867 256
868 254
869 286
870 276
871 260
872 286
873 274
874 282
875 284
876 268
877 292
878 288
879 268
880 288
881 274
882 284
883 270
884 280
885 258
886 282
887 294
888 290
889 260
890 282
891 276
892 276
893 276
894 280
895 264
896 294
897 278
898 270
899 278
900 280
901 284
902 266
903 286
904 284
905 290
906 268
907 286
908 272
909 278
910 284
911 290
912 296
913 282
914 266
915 280
916 274
917 282
918 276
919 262
920 288
921 280
922 282
923 288
924 282
925 280
926 282
927 266
928 266
929 282
930 292
931 302
932 290
933 258
934 282
935 272
936 290
937 280
938 298
939 280
940 268
941 282
942 284
943 288
944 270
945 286
946 284
947 274
948 292
949 266
950 284
951 282
952 288
953 286
954 292
955 274
956 96
957 286
958 286
959 266
960 288
961 282
962 284
963 290
964 284
965 286
966 286
967 290
968 292
969 282
970 284
971 276
972 260
973 290
974 284
975 278
976 286
977 282
978 280
979 286
980 286
981 274
982 280
983 276
984 304
985 288
986 282
987 260
988 282
989 284
990 284
991 264
992 292
993 294
994 258
995 286
996 284
997 262
998 286
999 284
27 23 1 949
