0 30
1 252
2 256
3 256
4 250
5 256
6 248
7 262
8 264
9 250
10 262
11 228
12 242
13 234
14 246
15 238
16 226
17 254
18 66
19 248
20 228
21 260
22 262
23 252
24 250
25 252
26 258
27 248
28 230
29 48
30 248
31 248
32 248
33 258
34 246
35 48
36 66
37 260
38 238
39 258
40 244
41 258
42 246
43 246
44 260
45 256
46 248
47 230
48 272
49 250
50 250
51 250
52 232
53 236
54 254
55 250
56 262
57 48
58 258
59 254
60 260
61 246
62 234
63 80
64 252
65 242
66 262
67 260
68 256
69 236
70 66
71 260
72 258
73 256
74 250
75 262
76 262
77 260
78 242
79 232
80 238
81 50
82 952
83 256
84 256
85 248
86 78
87 262
88 254
89 228
90 248
91 262
92 248
93 260
94 240
95 244
96 250
97 256
98 240
99 254
100 254
101 1298
102 66
103 270
104 256
105 260
106 262
107 260
108 80
109 244
110 254
111 70
112 238
113 240
114 74
115 226
116 264
117 232
118 262
119 258
120 244
121 256
122 250
123 230
124 254
125 240
126 258
127 258
128 246
129 226
130 256
131 248
132 262
133 246
134 260
135 262
136 252
137 244
138 258
139 230
140 246
141 244
142 254
143 226
144 258
145 228
146 246
147 258
148 224
149 252
150 262
151 230
152 70
153 254
154 260
155 250
156 254
157 258
158 262
159 256
160 252
161 246
162 226
163 66
164 248
165 240
166 244
167 260
168 900
169 258
170 256
171 248
172 234
173 70
174 250
175 248
176 238
177 248
178 250
179 246
180 258
181 264
182 262
183 254
184 262
185 250
186 224
187 72
188 74
189 1050
190 260
191 252
192 256
193 264
194 258
195 236
196 232
197 242
198 260
199 260
200 266
201 244
202 262
203 258
204 240
205 256
206 254
207 244
208 236
209 228
210 254
211 262
212 254
213 256
214 248
215 250
216 264
217 240
218 250
219 232
220 260
221 262
222 236
223 252
224 254
225 252
226 254
227 246
228 260
229 260
230 252
231 230
232 254
233 264
234 252
235 230
236 230
237 228
238 252
239 248
240 260
241 250
242 258
243 240
244 246
245 64
246 262
247 228
248 242
249 254
250 260
251 240
252 70
253 74
254 264
255 250
256 266
257 238
258 238
259 250
260 252
261 234
262 262
263 250
264 266
265 260
266 240
267 256
268 240
269 260
270 260
271 254
272 256
273 250
274 246
275 254
276 250
277 248
278 250
279 232
280 78
281 226
282 260
283 258
284 250
285 260
286 80
287 238
288 256
289 258
290 242
291 228
292 254
293 256
294 230
295 70
296 246
297 76
298 248
299 244
300 244
301 246
302 252
303 252
304 266
305 258
306 254
307 252
308 260
309 264
310 232
311 248
312 264
313 250
314 252
315 258
316 248
317 248
318 254
319 250
320 260
321 234
322 260
323 248
324 70
325 258
326 248
327 262
328 234
329 246
330 240
331 74
332 248
333 250
334 254
335 244
336 260
337 250
338 260
339 252
340 224
341 240
342 76
343 252
344 254
345 248
346 248
347 256
348 250
349 238
350 250
351 256
352 248
353 228
354 240
355 248
356 234
357 240
358 464
359 262
360 262
361 258
362 262
363 262
364 250
365 264
366 252
367 262
368 248
369 234
370 252
371 260
372 226
373 254
374 250
375 258
376 252
377 248
378 254
379 230
380 248
381 244
382 254
383 248
384 264
385 244
386 246
387 256
388 246
389 224
390 224
391 248
392 246
393 250
394 256
395 244
396 260
397 250
398 252
399 70
400 260
401 254
402 238
403 256
404 260
405 234
406 262
407 242
408 254
409 256
410 228
411 262
412 248
413 256
414 254
415 260
416 258
417 252
418 258
419 246
420 230
421 1114
422 256
423 252
424 252
425 234
426 250
427 262
428 228
429 256
430 240
431 252
432 244
433 246
434 258
435 254
436 256
437 226
438 248
439 80
440 1316
441 254
442 258
443 254
444 252
445 250
446 234
447 222
448 238
449 236
450 252
451 250
452 246
453 258
454 260
455 246
456 254
457 232
458 246
459 234
460 240
461 248
462 264
463 256
464 254
465 254
466 260
467 240
468 232
469 254
470 250
471 262
472 242
473 70
474 260
475 256
476 248
477 242
478 80
479 264
480 242
481 248
482 244
483 260
484 256
485 260
486 260
487 252
488 246
489 254
490 262
491 264
492 252
493 258
494 256
495 256
496 262
497 246
498 248
499 252
500 236
501 248
502 234
503 236
504 1102
505 64
506 252
507 244
508 260
509 232
510 264
511 252
512 268
513 240
514 230
515 260
516 260
517 246
518 260
519 264
520 252
521 260
522 256
523 256
524 1154
525 258
526 248
527 252
528 246
529 260
530 240
531 232
532 252
533 248
534 232
535 252
536 262
537 260
538 246
539 256
540 262
541 246
542 246
543 256
544 268
545 258
546 246
547 66
548 238
549 228
550 248
551 250
552 248
553 246
554 250
555 252
556 248
557 232
558 260
559 252
560 250
561 262
562 262
563 254
564 224
565 64
566 244
567 236
568 262
569 232
570 246
571 260
572 262
573 250
574 256
575 238
576 252
577 256
578 254
579 240
580 262
581 248
582 260
583 260
584 266
585 258
586 240
587 1206
588 256
589 250
590 250
591 260
592 264
593 262
594 256
595 226
596 260
597 258
598 226
599 248
600 268
601 262
602 226
603 258
604 232
605 1422
606 254
607 240
608 264
609 246
610 258
611 254
612 246
613 234
614 258
615 226
616 262
617 254
618 254
619 256
620 258
621 248
622 254
623 250
624 252
625 250
626 248
627 254
628 248
629 264
630 252
631 226
632 266
633 246
634 234
635 236
636 254
637 250
638 252
639 234
640 232
641 226
642 244
643 230
644 254
645 256
646 250
647 246
648 262
649 246
650 258
651 254
652 252
653 252
654 254
655 74
656 250
657 240
658 234
659 246
660 258
661 260
662 236
663 260
664 248
665 248
666 230
667 256
668 1238
669 230
670 250
671 246
672 268
673 254
674 262
675 256
676 240
677 264
678 238
679 264
680 276
681 252
682 256
683 256
684 254
685 256
686 1352
687 72
688 256
689 262
690 264
691 258
692 226
693 250
694 256
695 256
696 254
697 246
698 254
699 248
700 256
701 254
702 258
703 258
704 256
705 252
706 256
707 260
708 248
709 252
710 254
711 232
712 260
713 254
714 236
715 246
716 238
717 224
718 252
719 244
720 266
721 260
722 252
723 262
724 254
725 260
726 246
727 260
728 256
729 254
730 244
731 256
732 254
733 258
734 76
735 260
736 240
737 70
738 252
739 250
740 258
741 256
742 254
743 262
744 260
745 260
746 258
747 262
748 246
749 252
750 1062
751 254
752 246
753 260
754 260
755 246
756 226
757 264
758 250
759 74
760 266
761 252
762 240
763 260
764 256
765 256
766 256
767 262
768 234
769 230
770 970
771 250
772 252
773 228
774 262
775 244
776 260
777 252
778 260
779 240
780 262
781 66
782 262
783 254
784 250
785 226
786 242
787 244
788 254
789 250
790 260
791 254
792 246
793 254
794 258
795 254
796 240
797 260
798 258
799 258
800 260
801 230
802 246
803 258
804 256
805 262
806 240
807 244
808 252
809 252
810 246
811 244
812 250
813 248
814 246
815 224
816 260
817 254
818 246
819 240
820 72
821 260
822 228
823 256
824 266
825 248
826 236
827 246
828 234
829 224
830 264
831 244
832 252
833 1442
834 262
835 252
836 258
837 248
838 258
839 244
840 252
841 248
842 262
843 258
844 230
845 246
846 254
847 252
848 86
849 268
850 262
851 1458
852 260
853 250
854 264
855 246
856 260
857 260
858 74
859 268
860 260
861 248
862 250
863 258
864 86
865 256
866 246
867 262
868 262
869 230
870 260
871 252
872 78
873 258
874 256
875 258
876 234
877 262
878 250
879 256
880 246
881 248
882 258
883 246
884 262
885 248
886 244
887 258
888 250
889 262
890 76
891 254
892 250
893 256
894 258
895 256
896 230
897 236
898 232
899 256
900 254
901 262
902 252
903 260
904 254
905 258
906 252
907 262
908 246
909 254
910 250
911 254
912 266
913 250
914 258
915 1226
916 244
917 256
918 258
919 230
920 254
921 246
922 244
923 262
924 262
925 226
926 250
927 262
928 238
929 262
930 250
931 240
932 232
933 258
934 1150
935 248
936 242
937 258
938 252
939 258
940 258
941 240
942 252
943 248
944 254
945 260
946 246
947 262
948 252
949 230
950 70
951 252
952 252
953 248
954 260
955 262
956 252
957 258
958 230
959 256
960 252
961 232
962 252
963 252
964 234
965 264
966 250
967 240
968 232
969 246
970 260
971 260
972 70
973 258
974 70
975 256
976 260
977 242
978 232
979 244
980 262
981 256
982 236
983 256
984 272
985 260
986 234
987 226
988 230
989 264
990 262
991 260
992 268
993 264
994 254
995 246
996 250
997 256
998 252
999 254
48 2 1 949
