0 34
1 492
2 626
3 472
4 616
5 606
6 660
7 532
8 532
9 748
10 636
11 576
12 638
13 656
14 652
15 488
16 946
17 544
18 632
19 516
20 542
21 600
22 530
23 770
24 616
25 506
26 674
27 626
28 522
29 552
30 570
31 472
32 716
33 512
34 526
35 786
36 510
37 676
38 590
39 610
40 500
41 452
42 542
43 522
44 630
45 530
46 496
47 678
48 536
49 524
50 520
51 532
52 544
53 502
54 594
55 528
56 494
57 590
58 594
59 590
60 476
61 708
62 708
63 458
64 58
65 468
66 544
67 526
68 570
69 694
70 462
71 598
72 634
73 578
74 574
75 480
76 522
77 468
78 474
79 602
80 70
81 506
82 540
83 602
84 472
85 616
86 658
87 514
88 798
89 502
90 516
91 458
92 598
93 546
94 512
95 564
96 542
97 578
98 546
99 76
100 570
101 724
102 576
103 490
104 650
105 492
106 878
107 608
108 608
109 608
110 592
111 582
112 632
113 488
114 752
115 546
116 468
117 604
118 506
119 622
120 568
121 516
122 550
123 590
124 506
125 540
126 570
127 608
128 626
129 590
130 674
131 674
132 648
133 524
134 516
135 516
136 602
137 516
138 810
139 562
140 504
141 440
142 578
143 520
144 626
145 524
146 616
147 472
148 458
149 566
150 480
151 642
152 644
153 540
154 582
155 512
156 540
157 562
158 518
159 72
160 596
161 432
162 550
163 528
164 540
165 574
166 444
167 410
168 568
169 706
170 626
171 520
172 614
173 690
174 800
175 608
176 558
177 776
178 680
179 500
180 484
181 714
182 688
183 522
184 608
185 582
186 542
187 652
188 582
189 654
190 560
191 606
192 618
193 488
194 488
195 604
196 518
197 660
198 576
199 660
200 466
201 554
202 404
203 500
204 570
205 578
206 652
207 660
208 534
209 526
210 526
211 594
212 628
213 656
214 526
215 640
216 666
217 508
218 584
219 658
220 438
221 466
222 656
223 508
224 614
225 490
226 620
227 72
228 674
229 750
230 540
231 546
232 684
233 488
234 454
235 568
236 524
237 614
238 406
239 480
240 552
241 80
242 462
243 640
244 534
245 454
246 320
247 642
248 772
249 540
250 492
251 552
252 556
253 518
254 426
255 488
256 550
257 654
258 586
259 678
260 664
261 472
262 712
263 658
264 1142
265 712
266 528
267 520
268 592
269 572
270 568
271 514
272 880
273 602
274 564
275 496
276 658
277 648
278 618
279 596
280 760
281 648
282 482
283 488
284 606
285 544
286 616
287 530
288 560
289 510
290 488
291 528
292 482
293 502
294 720
295 468
296 480
297 592
298 558
299 586
300 520
301 468
302 582
303 482
304 528
305 592
306 624
307 642
308 526
309 580
310 82
311 494
312 724
313 544
314 598
315 582
316 608
317 514
318 638
319 614
320 1496
321 732
322 546
323 590
324 558
325 546
326 586
327 524
328 688
329 754
330 552
331 640
332 632
333 612
334 504
335 760
336 652
337 604
338 540
339 530
340 524
341 538
342 850
343 620
344 520
345 526
346 728
347 458
348 480
349 560
350 634
351 514
352 524
353 724
354 494
355 606
356 646
357 588
358 682
359 758
360 534
361 732
362 640
363 552
364 438
365 590
366 496
367 510
368 598
369 476
370 526
371 696
372 596
373 496
374 526
375 492
376 584
377 528
378 640
379 566
380 614
381 676
382 470
383 460
384 652
385 562
386 450
387 550
388 72
389 450
390 574
391 414
392 1000
393 646
394 534
395 486
396 534
397 474
398 552
399 614
400 564
401 612
402 350
403 486
404 536
405 544
406 680
407 492
408 686
409 596
410 548
411 544
412 466
413 712
414 564
415 432
416 538
417 538
418 518
419 80
420 660
421 568
422 588
423 524
424 500
425 454
426 516
427 678
428 610
429 502
430 478
431 542
432 1484
433 636
434 526
435 726
436 460
437 608
438 554
439 682
440 506
441 456
442 588
443 528
444 610
445 554
446 630
447 556
448 450
449 484
450 648
451 558
452 430
453 508
454 558
455 538
456 540
457 648
458 702
459 506
460 544
461 524
462 758
463 590
464 542
465 606
466 550
467 670
468 544
469 678
470 756
471 552
472 614
473 426
474 478
475 536
476 638
477 540
478 484
479 508
480 558
481 488
482 482
483 456
484 598
485 492
486 444
487 518
488 714
489 562
490 424
491 568
492 504
493 488
494 686
495 608
496 536
497 486
498 598
499 510
500 596
501 504
502 576
503 524
504 736
505 462
506 592
507 564
508 608
509 436
510 530
511 604
512 604
513 642
514 642
515 582
516 472
517 544
518 604
519 526
520 640
521 522
522 556
523 518
524 492
525 498
526 530
527 544
528 578
529 476
530 544
531 536
532 586
533 618
534 516
535 444
536 642
537 586
538 454
539 764
540 510
541 528
542 580
543 550
544 524
545 646
546 642
547 504
548 578
549 484
550 558
551 566
552 502
553 528
554 452
555 462
556 564
557 512
558 480
559 648
560 526
561 534
562 552
563 524
564 442
565 454
566 562
567 568
568 542
569 558
570 580
571 568
572 486
573 612
574 596
575 670
576 488
577 766
578 516
579 602
580 76
581 694
582 540
583 754
584 644
585 556
586 572
587 596
588 520
589 518
590 460
591 648
592 608
593 398
594 520
595 616
596 426
597 558
598 514
599 488
600 516
601 540
602 518
603 468
604 574
605 620
606 644
607 536
608 520
609 662
610 512
611 514
612 610
613 622
614 470
615 480
616 830
617 444
618 462
619 596
620 522
621 636
622 484
623 486
624 604
625 568
626 536
627 632
628 604
629 632
630 704
631 548
632 912
633 570
634 584
635 502
636 624
637 616
638 604
639 616
640 494
641 434
642 452
643 610
644 396
645 520
646 538
647 474
648 614
649 656
650 604
651 564
652 594
653 568
654 500
655 506
656 668
657 668
658 524
659 598
660 658
661 536
662 484
663 630
664 1058
665 476
666 434
667 690
668 656
669 602
670 656
671 616
672 528
673 530
674 568
675 908
676 692
677 718
678 662
679 566
680 624
681 466
682 552
683 590
684 458
685 622
686 628
687 526
688 450
689 424
690 594
691 634
692 656
693 502
694 632
695 680
696 710
697 574
698 586
699 602
700 502
701 602
702 494
703 558
704 558
705 494
706 626
707 492
708 724
709 616
710 676
711 508
712 522
713 626
714 620
715 474
716 528
717 602
718 418
719 654
720 488
721 544
722 524
723 558
724 646
725 594
726 558
727 612
728 458
729 670
730 684
731 770
732 564
733 542
734 564
735 402
736 434
737 544
738 454
739 614
740 772
741 530
742 590
743 466
744 812
745 482
746 478
747 572
748 534
749 670
750 556
751 558
752 504
753 560
754 650
755 582
756 562
757 516
758 556
759 398
760 850
761 580
762 582
763 532
764 472
765 514
766 680
767 568
768 546
769 470
770 624
771 616
772 472
773 558
774 606
775 584
776 654
777 536
778 404
779 642
780 484
781 582
782 480
783 518
784 720
785 652
786 454
787 572
788 626
789 556
790 528
791 560
792 704
793 464
794 560
795 562
796 610
797 710
798 940
799 610
800 674
801 630
802 502
803 574
804 480
805 534
806 570
807 648
808 518
809 458
810 578
811 570
812 476
813 478
814 480
815 504
816 508
817 580
818 582
819 502
820 454
821 490
822 418
823 426
824 482
825 528
826 498
827 770
828 526
829 516
830 738
831 676
832 574
833 660
834 686
835 506
836 464
837 534
838 514
839 498
840 546
841 500
842 452
843 602
844 468
845 510
846 696
847 478
848 564
849 564
850 488
851 512
852 496
853 520
854 556
855 516
856 650
857 518
858 554
859 524
860 662
861 514
862 608
863 516
864 742
865 348
866 564
867 516
868 666
869 526
870 506
871 560
872 624
873 566
874 564
875 524
876 638
877 572
878 642
879 494
880 580
881 664
882 598
883 406
884 656
885 670
886 594
887 654
888 690
889 646
890 728
891 478
892 528
893 502
894 544
895 564
896 550
897 722
898 506
899 520
900 852
901 638
902 642
903 536
904 524
905 648
906 524
907 520
908 542
909 622
910 532
911 530
912 508
913 550
914 436
915 598
916 498
917 430
918 510
919 540
920 984
921 574
922 654
923 548
924 524
925 618
926 692
927 596
928 414
929 874
930 510
931 546
932 554
933 546
934 438
935 494
936 518
937 414
938 542
939 572
940 508
941 526
942 588
943 596
944 794
945 668
946 670
947 496
948 520
949 690
950 600
951 442
952 634
953 564
954 406
955 538
956 568
957 484
958 642
959 480
960 558
961 442
962 644
963 634
964 664
965 556
966 530
967 448
968 534
969 830
970 458
971 478
972 488
973 666
974 476
975 532
976 624
977 532
978 664
979 464
980 570
981 556
982 466
983 634
984 550
985 672
986 704
987 602
988 672
989 508
990 590
991 484
992 612
993 546
994 422
995 480
996 470
997 618
998 454
999 510
18 32 20 930
