0 50
1 280
2 282
3 270
4 278
5 286
6 278
7 264
8 476
9 258
10 284
11 274
12 282
13 262
14 262
15 266
16 270
17 282
18 262
19 262
20 272
21 282
22 262
23 262
24 90
25 264
26 278
27 96
28 278
29 286
30 274
31 266
32 270
33 280
34 280
35 284
36 284
37 282
38 282
39 284
40 270
41 262
42 280
43 282
44 290
45 282
46 98
47 278
48 294
49 280
50 280
51 262
52 288
53 280
54 260
55 284
56 288
57 278
58 280
59 282
60 96
61 280
62 284
63 288
64 288
65 280
66 264
67 288
68 284
69 280
70 282
71 258
72 290
73 262
74 88
75 282
76 286
77 276
78 282
79 284
80 274
81 280
82 92
83 282
84 284
85 262
86 90
87 286
88 298
89 280
90 284
91 262
92 266
93 280
94 264
95 264
96 292
97 258
98 268
99 92
100 282
101 96
102 284
103 278
104 270
105 282
106 282
107 266
108 284
109 262
110 280
111 260
112 276
113 260
114 284
115 286
116 284
117 278
118 278
119 262
120 106
121 280
122 284
123 264
124 264
125 278
126 258
127 96
128 290
129 86
130 84
131 282
132 282
133 258
134 280
135 280
136 270
137 286
138 282
139 102
140 286
141 276
142 284
143 280
144 288
145 278
146 260
147 262
148 286
149 262
150 284
151 282
152 308
153 262
154 286
155 282
156 286
157 278
158 260
159 292
160 290
161 258
162 280
163 284
164 288
165 282
166 262
167 264
168 344
169 262
170 282
171 280
172 284
173 278
174 284
175 282
176 268
177 282
178 276
179 286
180 284
181 282
182 262
183 260
184 270
185 280
186 268
187 286
188 260
189 280
190 282
191 280
192 288
193 262
194 98
195 286
196 284
197 258
198 266
199 278
200 288
201 282
202 282
203 264
204 284
205 264
206 278
207 94
208 290
209 280
210 280
211 280
212 284
213 282
214 278
215 284
216 266
217 284
218 284
219 282
220 282
221 282
222 284
223 264
224 268
225 280
226 282
227 282
228 258
229 288
230 280
231 266
232 108
233 280
234 262
235 284
236 96
237 278
238 284
239 264
240 274
241 260
242 84
243 280
244 286
245 258
246 280
247 260
248 304
249 282
250 282
251 266
252 282
253 282
254 282
255 266
256 292
257 282
258 276
259 282
260 282
261 262
262 264
263 282
264 284
265 282
266 88
267 284
268 282
269 288
270 276
271 282
272 288
273 274
274 284
275 280
276 286
277 282
278 260
279 284
280 268
281 280
282 278
283 278
284 280
285 288
286 280
287 294
288 274
289 284
290 280
291 260
292 282
293 284
294 282
295 280
296 284
297 284
298 280
299 282
300 282
301 258
302 284
303 286
304 290
305 258
306 280
307 278
308 286
309 278
310 288
311 284
312 268
313 260
314 282
315 284
316 260
317 284
318 282
319 282
320 270
321 282
322 264
323 284
324 86
325 278
326 282
327 264
328 284
329 258
330 262
331 260
332 276
333 282
334 278
335 262
336 268
337 278
338 262
339 284
340 282
341 284
342 84
343 284
344 292
345 278
346 284
347 278
348 282
349 284
350 282
351 266
352 292
353 276
354 284
355 282
356 280
357 260
358 282
359 262
360 284
361 282
362 282
363 266
364 282
365 260
366 284
367 282
368 292
369 260
370 286
371 284
372 274
373 268
374 280
375 280
376 294
377 260
378 282
379 284
380 286
381 278
382 258
383 280
384 286
385 286
386 274
387 286
388 282
389 260
390 258
391 282
392 288
393 272
394 282
395 278
396 282
397 282
398 262
399 278
400 296
401 266
402 262
403 262
404 282
405 282
406 262
407 284
408 290
409 264
410 282
411 282
412 282
413 262
414 262
415 282
416 276
417 282
418 284
419 260
420 278
421 282
422 282
423 286
424 290
425 260
426 290
427 280
428 282
429 286
430 280
431 282
432 294
433 280
434 278
435 260
436 286
437 278
438 286
439 276
440 304
441 288
442 278
443 258
444 284
445 280
446 262
447 280
448 288
449 90
450 280
451 282
452 286
453 284
454 280
455 280
456 288
457 284
458 280
459 278
460 278
461 284
462 264
463 276
464 292
465 282
466 284
467 282
468 282
469 262
470 282
471 262
472 266
473 280
474 284
475 274
476 282
477 282
478 284
479 264
480 90
481 284
482 278
483 284
484 280
485 258
486 282
487 280
488 286
489 282
490 280
491 278
492 280
493 284
494 282
495 262
496 268
497 284
498 278
499 280
500 90
501 282
502 84
503 268
504 290
505 258
506 282
507 282
508 262
509 258
510 278
511 260
512 286
513 284
514 280
515 262
516 284
517 278
518 284
519 280
520 290
521 284
522 280
523 282
524 260
525 278
526 284
527 282
528 300
529 100
530 280
531 280
532 284
533 276
534 262
535 284
536 270
537 260
538 280
539 282
540 264
541 280
542 280
543 280
544 272
545 280
546 280
547 284
548 284
549 284
550 264
551 282
552 288
553 280
554 284
555 86
556 284
557 262
558 284
559 262
560 110
561 282
562 280
563 260
564 284
565 262
566 282
567 280
568 290
569 282
570 282
571 100
572 282
573 284
574 264
575 276
576 290
577 284
578 286
579 282
580 282
581 260
582 278
583 288
584 290
585 286
586 262
587 286
588 282
589 264
590 258
591 286
592 272
593 278
594 288
595 282
596 282
597 278
598 280
599 280
600 294
601 262
602 98
603 284
604 260
605 278
606 278
607 260
608 288
609 268
610 282
611 260
612 278
613 282
614 260
615 282
616 290
617 280
618 90
619 288
620 280
621 262
622 262
623 284
624 292
625 262
626 284
627 280
628 260
629 92
630 286
631 260
632 286
633 284
634 262
635 282
636 286
637 262
638 272
639 282
640 294
641 280
642 264
643 266
644 286
645 284
646 280
647 262
648 288
649 258
650 282
651 262
652 282
653 284
654 284
655 276
656 270
657 92
658 284
659 262
660 286
661 280
662 278
663 98
664 318
665 278
666 262
667 280
668 278
669 284
670 286
671 282
672 268
673 284
674 282
675 282
676 270
677 278
678 284
679 264
680 318
681 282
682 284
683 264
684 278
685 282
686 280
687 284
688 268
689 282
690 278
691 260
692 288
693 278
694 284
695 286
696 270
697 284
698 280
699 264
700 284
701 284
702 276
703 278
704 290
705 280
706 280
707 280
708 284
709 280
710 264
711 282
712 290
713 284
714 284
715 284
716 286
717 278
718 282
719 282
720 290
721 280
722 280
723 282
724 266
725 278
726 282
727 282
728 284
729 282
730 280
731 102
732 282
733 266
734 284
735 260
736 286
737 282
738 264
739 280
740 262
741 264
742 280
743 284
744 306
745 280
746 282
747 284
748 278
749 280
750 286
751 262
752 292
753 282
754 262
755 280
756 264
757 284
758 90
759 282
760 96
761 278
762 282
763 262
764 262
765 280
766 260
767 280
768 288
769 280
770 260
771 276
772 284
773 282
774 282
775 262
776 292
777 282
778 266
779 264
780 284
781 266
782 280
783 260
784 272
785 262
786 284
787 264
788 282
789 284
790 282
791 92
792 292
793 278
794 280
795 286
796 284
797 276
798 280
799 280
800 284
801 260
802 260
803 262
804 286
805 284
806 258
807 284
808 312
809 284
810 260
811 284
812 262
813 282
814 278
815 288
816 274
817 262
818 282
819 278
820 262
821 258
822 260
823 284
824 270
825 278
826 258
827 264
828 260
829 280
830 262
831 282
832 290
833 278
834 278
835 264
836 270
837 278
838 278
839 284
840 312
841 86
842 282
843 262
844 280
845 282
846 284
847 284
848 294
849 264
850 260
851 266
852 284
853 278
854 278
855 282
856 272
857 280
858 282
859 282
860 262
861 280
862 262
863 282
864 292
865 282
866 262
867 260
868 284
869 260
870 284
871 262
872 288
873 276
874 284
875 262
876 100
877 280
878 280
879 1428
880 292
881 284
882 284
883 280
884 286
885 282
886 286
887 284
888 288
889 284
890 278
891 286
892 86
893 278
894 280
895 264
896 270
897 282
898 278
899 284
900 262
901 260
902 280
903 260
904 322
905 260
906 284
907 286
908 282
909 278
910 286
911 284
912 292
913 264
914 282
915 284
916 270
917 278
918 280
919 284
920 288
921 278
922 260
923 278
924 262
925 278
926 282
927 284
928 274
929 262
930 82
931 284
932 286
933 268
934 278
935 284
936 290
937 282
938 264
939 282
940 280
941 260
942 282
943 262
944 292
945 280
946 260
947 284
948 266
949 282
950 282
951 278
952 288
953 282
954 276
955 260
956 282
957 280
958 266
959 262
960 290
961 282
962 280
963 286
964 264
965 274
966 282
967 280
968 312
969 280
970 280
971 282
972 284
973 280
974 284
975 262
976 288
977 258
978 282
979 280
980 260
981 280
982 260
983 266
984 292
985 266
986 258
987 264
988 282
989 280
990 282
991 264
992 272
993 80
994 282
995 280
996 284
997 282
998 280
999 282
44 6 1 949
