0 38
1 552
2 686
3 404
4 368
5 498
6 380
7 624
8 540
9 472
10 102
11 398
12 484
13 384
14 366
15 640
16 382
17 406
18 368
19 566
20 362
21 372
22 458
23 460
24 594
25 362
26 556
27 336
28 344
29 478
30 340
31 444
32 426
33 580
34 390
35 406
36 436
37 398
38 342
39 482
40 382
41 390
42 372
43 368
44 424
45 880
46 406
47 282
48 380
49 418
50 100
51 464
52 344
53 350
54 378
55 464
56 458
57 82
58 376
59 348
60 344
61 498
62 410
63 376
64 392
65 500
66 394
67 342
68 354
69 462
70 498
71 676
72 430
73 326
74 306
75 348
76 356
77 510
78 448
79 418
80 454
81 408
82 328
83 428
84 362
85 870
86 332
87 390
88 516
89 326
90 398
91 364
92 598
93 342
94 706
95 342
96 348
97 454
98 422
99 384
100 392
101 346
102 356
103 426
104 572
105 98
106 462
107 546
108 360
109 362
110 446
111 302
112 366
113 418
114 588
115 374
116 608
117 300
118 370
119 490
120 640
121 444
122 610
123 398
124 308
125 414
126 100
127 534
128 386
129 416
130 552
131 420
132 358
133 324
134 364
135 380
136 944
137 398
138 468
139 358
140 506
141 554
142 672
143 342
144 438
145 82
146 350
147 610
148 526
149 474
150 400
151 416
152 482
153 358
154 512
155 554
156 388
157 568
158 478
159 366
160 588
161 378
162 96
163 450
164 366
165 444
166 434
167 436
168 506
169 78
170 542
171 368
172 560
173 518
174 580
175 542
176 520
177 420
178 362
179 754
180 308
181 536
182 488
183 292
184 104
185 438
186 336
187 374
188 344
189 414
190 474
191 498
192 408
193 540
194 400
195 410
196 536
197 456
198 378
199 364
200 602
201 380
202 408
203 422
204 368
205 364
206 378
207 526
208 400
209 520
210 550
211 406
212 482
213 394
214 480
215 476
216 378
217 388
218 424
219 414
220 392
221 362
222 348
223 380
224 392
225 460
226 98
227 458
228 364
229 658
230 398
231 484
232 316
233 418
234 566
235 434
236 376
237 578
238 400
239 88
240 456
241 406
242 358
243 340
244 574
245 398
246 320
247 370
248 558
249 484
250 650
251 340
252 402
253 390
254 496
255 404
256 376
257 552
258 302
259 500
260 534
261 366
262 416
263 598
264 394
265 374
266 476
267 100
268 764
269 378
270 486
271 344
272 392
273 494
274 596
275 354
276 666
277 454
278 418
279 356
280 486
281 464
282 386
283 584
284 446
285 478
286 764
287 680
288 358
289 400
290 576
291 88
292 422
293 402
294 456
295 476
296 728
297 350
298 454
299 434
300 428
301 534
302 614
303 418
304 338
305 514
306 528
307 346
308 426
309 344
310 440
311 308
312 492
313 804
314 606
315 580
316 492
317 370
318 280
319 312
320 418
321 366
322 368
323 342
324 516
325 460
326 82
327 338
328 574
329 464
330 548
331 378
332 520
333 462
334 424
335 354
336 546
337 518
338 426
339 574
340 580
341 462
342 398
343 614
344 510
345 410
346 510
347 418
348 468
349 448
350 454
351 408
352 100
353 528
354 330
355 354
356 580
357 424
358 488
359 472
360 770
361 410
362 438
363 364
364 458
365 772
366 556
367 448
368 382
369 82
370 446
371 408
372 476
373 502
374 608
375 434
376 108
377 336
378 384
379 408
380 366
381 360
382 332
383 488
384 632
385 412
386 346
387 346
388 348
389 332
390 446
391 342
392 926
393 406
394 490
395 728
396 504
397 470
398 590
399 448
400 468
401 496
402 394
403 506
404 452
405 422
406 360
407 314
408 484
409 644
410 606
411 322
412 310
413 440
414 450
415 478
416 572
417 490
418 424
419 566
420 402
421 510
422 324
423 586
424 434
425 470
426 498
427 526
428 434
429 406
430 368
431 490
432 488
433 552
434 428
435 438
436 394
437 588
438 418
439 594
440 748
441 478
442 500
443 380
444 610
445 672
446 518
447 480
448 370
449 428
450 478
451 354
452 460
453 426
454 550
455 362
456 562
457 402
458 594
459 324
460 364
461 92
462 380
463 566
464 100
465 400
466 354
467 462
468 82
469 428
470 78
471 542
472 610
473 314
474 604
475 340
476 372
477 430
478 436
479 430
480 456
481 448
482 426
483 312
484 416
485 334
486 458
487 614
488 504
489 456
490 358
491 564
492 444
493 610
494 414
495 446
496 408
497 346
498 550
499 432
500 378
501 368
502 388
503 422
504 422
505 492
506 446
507 508
508 472
509 404
510 664
511 416
512 554
513 696
514 354
515 330
516 328
517 464
518 532
519 346
520 456
521 388
522 642
523 382
524 362
525 478
526 540
527 426
528 426
529 386
530 478
531 474
532 456
533 484
534 382
535 80
536 472
537 368
538 658
539 570
540 370
541 292
542 366
543 100
544 412
545 408
546 658
547 582
548 84
549 358
550 350
551 368
552 426
553 336
554 724
555 520
556 364
557 342
558 470
559 364
560 452
561 448
562 400
563 522
564 380
565 436
566 586
567 430
568 692
569 98
570 404
571 332
572 346
573 388
574 348
575 368
576 538
577 700
578 674
579 284
580 364
581 584
582 342
583 466
584 602
585 596
586 478
587 446
588 390
589 484
590 382
591 400
592 392
593 376
594 402
595 800
596 306
597 360
598 100
599 448
600 484
601 658
602 714
603 356
604 342
605 406
606 336
607 388
608 730
609 458
610 448
611 396
612 660
613 362
614 410
615 390
616 508
617 344
618 470
619 556
620 416
621 488
622 100
623 522
624 482
625 464
626 558
627 796
628 442
629 680
630 448
631 398
632 812
633 362
634 728
635 508
636 422
637 362
638 452
639 464
640 594
641 428
642 376
643 486
644 486
645 412
646 328
647 474
648 804
649 418
650 388
651 342
652 574
653 572
654 546
655 410
656 500
657 350
658 444
659 474
660 496
661 652
662 428
663 412
664 596
665 352
666 434
667 562
668 342
669 504
670 460
671 80
672 730
673 440
674 430
675 472
676 508
677 466
678 402
679 364
680 544
681 92
682 436
683 672
684 424
685 420
686 498
687 430
688 362
689 736
690 458
691 376
692 728
693 466
694 334
695 330
696 506
697 454
698 554
699 388
700 492
701 542
702 344
703 356
704 580
705 640
706 1076
707 438
708 524
709 356
710 656
711 96
712 132
713 374
714 320
715 336
716 404
717 388
718 532
719 358
720 478
721 496
722 488
723 672
724 622
725 446
726 502
727 682
728 432
729 378
730 306
731 376
732 462
733 452
734 426
735 430
736 424
737 482
738 366
739 96
740 416
741 418
742 414
743 514
744 358
745 502
746 474
747 636
748 378
749 420
750 490
751 422
752 522
753 450
754 466
755 352
756 410
757 528
758 510
759 428
760 82
761 644
762 530
763 432
764 480
765 528
766 428
767 474
768 624
769 84
770 742
771 446
772 354
773 534
774 334
775 464
776 560
777 360
778 376
779 368
780 622
781 448
782 432
783 620
784 104
785 704
786 462
787 406
788 702
789 412
790 354
791 634
792 556
793 398
794 96
795 410
796 948
797 612
798 578
799 392
800 380
801 358
802 440
803 346
804 486
805 390
806 486
807 542
808 484
809 336
810 446
811 472
812 610
813 366
814 432
815 348
816 728
817 566
818 392
819 432
820 102
821 316
822 304
823 464
824 410
825 382
826 466
827 448
828 348
829 522
830 352
831 370
832 414
833 334
834 516
835 448
836 462
837 80
838 378
839 94
840 436
841 460
842 426
843 354
844 370
845 98
846 486
847 414
848 382
849 470
850 406
851 384
852 330
853 348
854 364
855 712
856 404
857 590
858 452
859 382
860 384
861 424
862 542
863 538
864 502
865 400
866 612
867 78
868 402
869 396
870 598
871 386
872 402
873 436
874 348
875 422
876 398
877 458
878 310
879 330
880 432
881 486
882 354
883 310
884 440
885 396
886 358
887 430
888 428
889 540
890 646
891 380
892 410
893 324
894 556
895 350
896 480
897 386
898 504
899 618
900 322
901 328
902 532
903 336
904 352
905 414
906 448
907 636
908 330
909 670
910 414
911 490
912 506
913 446
914 572
915 396
916 508
917 80
918 412
919 548
920 944
921 386
922 478
923 538
924 502
925 378
926 550
927 702
928 416
929 444
930 612
931 368
932 434
933 424
934 480
935 480
936 880
937 542
938 430
939 472
940 444
941 470
942 588
943 552
944 86
945 432
946 394
947 446
948 614
949 416
950 624
951 100
952 464
953 540
954 490
955 450
956 448
957 382
958 618
959 482
960 450
961 382
962 474
963 90
964 406
965 368
966 320
967 372
968 788
969 470
970 568
971 630
972 384
973 416
974 462
975 668
976 100
977 450
978 698
979 406
980 466
981 430
982 426
983 480
984 484
985 436
986 428
987 502
988 584
989 448
990 368
991 356
992 772
993 628
994 1136
995 350
996 682
997 578
998 384
999 402
46 4 1 949
